4 0 
4 9954 
4 19901 
4 29849 
4 39785 
4 49711 
4 59660 
4 69594 
4 79507 
4 89405 
4 99316 
4 109190 
4 119065 
4 128922 
4 138750 
4 148568 
4 158351 
4 168087 
4 177798 
4 187454 
4 197069 
4 206601 
4 216105 
4 225517 
4 234855 
4 244104 
4 253268 
4 262283 
4 271192 
4 279987 
4 288629 
4 297189 
4 305520 
4 313754 
4 321745 
4 329621 
4 337236 
4 344594 
4 351846 
4 358742 
4 365391 
4 371935 
4 378129 
4 384248 
4 390096 
4 395666 
4 400936 
4 406154 
4 411034 
4 415697 
4 420245 
4 424509 
4 428578 
4 432455 
4 436231 
4 439811 
4 443061 
4 446252 
4 449200 
4 452111 
4 454690 
4 457296 
4 459691 
4 462004 
4 464115 
4 466112 
4 467865 
4 469694 
4 471334 
4 472949 
4 474534 
4 475962 
4 477439 
4 478631 
4 479954 
4 481035 
4 482087 
4 483091 
4 484042 
4 485062 
4 485835 
4 486742 
4 487574 
4 488280 
4 488850 
4 489590 
4 490222 
4 490793 
4 491240 
4 491699 
4 492143 
4 492571 
4 493040 
4 493382 
4 493654 
4 494097 
4 494466 
4 494864 
4 495149 
4 495408 
4 495795 
4 496008 
4 496338 
4 496496 
4 496685 
4 496838 
4 496956 
4 497148 
4 497221 
4 497452 
4 497584 
4 497812 
4 497964 
4 498023 
4 498259 
4 498423 
4 498378 
4 498426 
4 498502 
4 498523 
4 498613 
4 498645 
4 498665 
4 498834 
4 498829 
4 498913 
4 498946 
4 499017 
4 499097 
4 499041 
4 499129 
4 499091 
4 499195 
4 499221 
4 499301 
4 499186 
4 499300 
4 499400 
4 499503 
4 499580 
4 499541 
4 499472 
4 499476 
4 499573 
4 499675 
4 499671 
4 499675 
4 499682 
4 499790 
4 499767 
4 499693 
4 499752 
4 499675 
4 499665 
4 499621 
4 499735 
4 499698 
4 499766 
4 499881 
4 499904 
4 499859 
4 499776 
4 499751 
4 499772 
4 499810 
4 499823 
4 499935 
4 499891 
4 499912 
4 499856 
4 499862 
4 499915 
4 499932 
4 5e+05 
4 500047 
4 500101 
4 500105 
4 500145 
4 500187 
4 500183 
4 500223 
4 500382 
4 500363 
4 500208 
4 500072 
4 500024 
4 500026 
4 499924 
4 499872 
4 500046 
4 500017 
4 499910 
4 499877 
4 499917 
4 499984 
4 500023 
4 500060 
4 500084 
4 499998 
4 499931 
4 499922 
4 500041 
4 500014 
4 500094 
4 499986 
4 499920 
4 499881 
4 499898 
4 499941 
4 500051 
4 500037 
4 500063 
4 499994 
4 500027 
4 499990 
4 500085 
4 500052 
4 500084 
4 500174 
4 500148 
4 500098 
4 500051 
4 499990 
4 500011 
4 500042 
4 500066 
4 499968 
4 499893 
4 499882 
4 499904 
4 499924 
4 499888 
4 499830 
4 499837 
4 499858 
4 499861 
4 499906 
4 499843 
4 499895 
4 500045 
4 500079 
4 500185 
4 500198 
4 500224 
4 500069 
4 500150 
4 500144 
4 500126 
4 500082 
4 500094 
4 499944 
4 499962 
4 499959 
4 499926 
4 499928 
4 499928 
4 499993 
4 500002 
4 499981 
4 500102 
4 500195 
4 500196 
4 500268 
4 500348 
4 500228 
4 500254 
4 500343 
4 500430 
4 500357 
4 500429 
4 500360 
4 500413 
4 500386 
4 500360 
4 500216 
4 500165 
4 500227 
4 500239 
4 500276 
4 500410 
4 500449 
4 500399 
4 500356 
4 500303 
4 500215 
4 500107 
4 500224 
4 500194 
4 500123 
4 500185 
4 500239 
4 500208 
4 500153 
4 500166 
4 500077 
4 500119 
4 500160 
4 500076 
4 500002 
4 500037 
4 500054 
4 500006 
4 499882 
4 499847 
4 499951 
4 499931 
4 500061 
4 499899 
4 499853 
4 499905 
4 499897 
4 499971 
4 499991 
4 500006 
4 500005 
4 500051 
4 499938 
4 499938 
4 499905 
4 499895 
4 499892 
4 499747 
4 499761 
4 499741 
4 499759 
4 499841 
4 499797 
4 499839 
4 499892 
4 499850 
4 499806 
4 499700 
4 499724 
4 499730 
4 499780 
4 499737 
4 499686 
4 499723 
4 499667 
4 499857 
4 499858 
4 499813 
4 499802 
4 499735 
4 499829 
4 499700 
4 499709 
4 499841 
4 499970 
4 499986 
4 499980 
4 500014 
4 500076 
4 500087 
4 500069 
4 499927 
4 500021 
4 500111 
4 500139 
4 500226 
4 500314 
4 500342 
4 500354 
4 500307 
4 500300 
4 500312 
4 500299 
4 500339 
4 500369 
4 500343 
4 500330 
4 500187 
4 500119 
4 500166 
4 500066 
4 500041 
4 500189 
4 500167 
4 500184 
4 500169 
4 500207 
4 500178 
4 500215 
4 500251 
4 500300 
4 500345 
4 500387 
4 500383 
4 500379 
4 500472 
4 500465 
4 500454 
4 500347 
4 500420 
4 500307 
4 500230 
4 500227 
4 500219 
4 500192 
4 500109 
4 500137 
4 500172 
4 500013 
4 500047 
4 500062 
4 500003 
4 499906 
4 499906 
4 499841 
4 499835 
4 499739 
4 499932 
4 499992 
4 500003 
4 499886 
4 499920 
4 499910 
4 499908 
4 499956 
4 499968 
4 500012 
4 500007 
4 500176 
4 500127 
4 500052 
4 500123 
4 500173 
4 500112 
4 500077 
4 500063 
4 500065 
4 500085 
4 500065 
4 500068 
4 500066 
4 500108 
4 500104 
4 500079 
4 500166 
4 500251 
4 500195 
4 500174 
4 500048 
4 500063 
4 499936 
4 499817 
4 499799 
4 499741 
4 499812 
4 499846 
4 499794 
4 499924 
4 499897 
4 499869 
4 499887 
4 499934 
4 499966 
4 500013 
4 499984 
4 500026 
4 500005 
4 499967 
4 499935 
4 500033 
4 500077 
4 499986 
4 499995 
4 499987 
4 499997 
4 499953 
4 500010 
4 500013 
4 499874 
4 499874 
4 499972 
4 500005 
4 499872 
4 499866 
4 499898 
4 499836 
4 499842 
4 499705 
4 499672 
4 499673 
4 499634 
4 499572 
4 499579 
4 499674 
4 499724 
4 499772 
4 499778 
4 499802 
4 499665 
4 499668 
4 499692 
4 499756 
4 499797 
4 499770 
4 499744 
4 499733 
4 499748 
4 499608 
4 499590 
4 499707 
4 499749 
4 499836 
4 499967 
4 500054 
4 499985 
4 499982 
4 500014 
4 499984 
4 499976 
4 500055 
4 500153 
4 500080 
4 500011 
4 499899 
4 500004 
4 499966 
4 499982 
4 499921 
4 499807 
4 499764 
4 499804 
4 499898 
4 499978 
4 500033 
4 499996 
4 499933 
4 499953 
4 499948 
4 499903 
4 500002 
4 500033 
4 499941 
4 499859 
4 499964 
4 500055 
4 500086 
4 500126 
4 500057 
4 500063 
4 500081 
4 500155 
4 500041 
4 500009 
4 500013 
4 499824 
4 499822 
4 499730 
4 499676 
4 499777 
4 499826 
4 499778 
4 499826 
4 499912 
4 500025 
4 500130 
4 500075 
4 500082 
4 500022 
4 500016 
4 500070 
4 500170 
4 500143 
4 500104 
4 500040 
4 499963 
4 499994 
4 499908 
4 499892 
4 499877 
4 499848 
4 499792 
4 499829 
4 499866 
4 499956 
4 499923 
4 499997 
4 499995 
4 500001 
4 500010 
4 499976 
4 499977 
4 499939 
4 499886 
4 499914 
4 499949 
4 499980 
4 499854 
4 499976 
4 499936 
4 500027 
4 499987 
4 499948 
4 499911 
4 499825 
4 499721 
4 499691 
4 499692 
4 499702 
4 499809 
4 499841 
4 499873 
4 499898 
4 500015 
4 500059 
4 500158 
4 500134 
4 500184 
4 500229 
4 500179 
4 500245 
4 500310 
4 500295 
4 500292 
4 500194 
4 500154 
4 500198 
4 500132 
4 500199 
4 500297 
4 500257 
4 500329 
4 500343 
4 500244 
4 500165 
4 500202 
4 500246 
4 500168 
4 500109 
4 500170 
4 500253 
4 500305 
4 500325 
4 500342 
4 500304 
4 500298 
4 500203 
4 500184 
4 500123 
4 500171 
4 500192 
4 500223 
4 500131 
4 500142 
4 500140 
4 500098 
4 500101 
4 500156 
4 500193 
4 500106 
4 500051 
4 500075 
4 500010 
4 499941 
4 499850 
4 499750 
4 499696 
4 499740 
4 499824 
4 499845 
4 499822 
4 499968 
4 499941 
4 499960 
4 499876 
4 499862 
4 499801 
4 499838 
4 499795 
4 499857 
4 499865 
4 499845 
4 499861 
4 499810 
4 499787 
4 499740 
4 499695 
4 499663 
4 499690 
4 499673 
4 499692 
4 499710 
4 499796 
4 499936 
4 499954 
4 499992 
4 500080 
4 499953 
4 499882 
4 499984 
4 499982 
4 499982 
4 500060 
4 500113 
4 500131 
4 500156 
4 500050 
4 500075 
4 500057 
4 499967 
4 499963 
4 499942 
4 499978 
4 499967 
4 499868 
4 499762 
4 499766 
4 499705 
4 499755 
4 499762 
4 499822 
4 499792 
4 499794 
4 499909 
4 500012 
4 499891 
4 499847 
4 499751 
4 499760 
4 499711 
4 499699 
4 499762 
4 499777 
4 499938 
4 499933 
4 499969 
4 499992 
4 499975 
4 499977 
4 499954 
4 500013 
4 500021 
4 499996 
4 500003 
4 500040 
4 500001 
4 499858 
4 499869 
4 499973 
4 499971 
4 499961 
4 499914 
4 499905 
4 499963 
4 499914 
4 499934 
4 499977 
4 500039 
4 499985 
4 499962 
4 499930 
4 500010 
4 500036 
4 500072 
4 499963 
4 500003 
4 499958 
4 499962 
4 500024 
4 500143 
4 500159 
4 500090 
4 499981 
4 499934 
4 499958 
4 499941 
4 500009 
4 500033 
4 500094 
4 500128 
4 500101 
4 500161 
4 500063 
4 499994 
4 500009 
4 500004 
4 500138 
4 500111 
4 500018 
4 500097 
4 500068 
4 500057 
4 500093 
4 500101 
4 500055 
4 500013 
4 499944 
4 500003 
4 499957 
4 499989 
4 500010 
4 500060 
4 500098 
4 500060 
4 499992 
4 500067 
4 500140 
4 500097 
4 500056 
4 499858 
4 499788 
4 499768 
4 499776 
4 499752 
4 499747 
4 499794 
4 499815 
4 499720 
4 499720 
4 499733 
4 499797 
4 499790 
4 499816 
4 499831 
4 499928 
4 499954 
4 499922 
4 499989 
4 500106 
4 500098 
4 500155 
4 500092 
4 500025 
4 500060 
4 499975 
4 499932 
4 499941 
4 499839 
4 499848 
4 499864 
4 499737 
4 499806 
4 499784 
4 499692 
4 499691 
4 499687 
4 499813 
4 499832 
4 499762 
4 499799 
4 499758 
4 499599 
4 499615 
4 499494 
4 499609 
4 499634 
4 499601 
4 499483 
4 499393 
4 499387 
4 499468 
4 499383 
4 499394 
4 499340 
4 499529 
4 499548 
4 499597 
4 499686 
4 499653 
4 499608 
4 499616 
4 499625 
4 499676 
4 499644 
4 499624 
4 499653 
4 499645 
4 499598 
4 499579 
4 499675 
4 499669 
4 499714 
4 499759 
4 499747 
4 499839 
4 499837 
4 499897 
4 499802 
4 499757 
4 499751 
4 499830 
4 499832 
4 499771 
4 499757 
4 499840 
4 499951 
4 499958 
4 500024 
4 499967 
4 499976 
4 499864 
4 499927 
4 499898 
4 499878 
4 499892 
4 499863 
4 499912 
4 499940 
4 499978 
4 499968 
4 500061 
4 499958 
4 499939 
4 500034 
4 500117 
4 500148 
4 500216 
4 500323 
4 500384 
4 500401 
4 500376 
4 500367 
4 500416 
4 500287 
4 500253 
4 500319 
4 500273 
4 500262 
4 500051 
4 500026 
4 499984 
4 500013 
4 499907 
4 499879 
4 499917 
4 499936 
4 499866 
4 499820 
4 499847 
4 499948 
4 499938 
4 499902 
4 499926 
4 499947 
4 500020 
4 500058 
4 500051 
4 500141 
4 500157 
4 500137 
4 500090 
4 500017 
4 500031 
4 500039 
4 499908 
4 499963 
4 500016 
4 500146 
4 500088 
4 500046 
4 500057 
4 500083 
4 500041 
4 500042 
4 500018 
4 500001 
4 499968 
4 500018 
4 500027 
4 499977 
4 499932 
4 499922 
4 499835 
4 499762 
4 499793 
4 499823 
4 499878 
4 499940 
4 499916 
4 499888 
4 499992 
4 499929 
4 499955 
4 499990 
4 499899 
4 499972 
4 499953 
4 499987 
4 499947 
4 500005 
4 500050 
4 500017 
4 499984 
4 500029 
4 499995 
4 499929 
4 500071 
4 500126 
4 499990 
4 499994 
4 499940 
4 499948 
4 499993 
4 499938 
4 499925 
4 499866 
4 499872 
4 499973 
4 499918 
4 499869 
4 499834 
4 499905 
4 500040 
4 500172 
4 500115 
4 500087 
4 500167 
4 500154 
4 500193 
4 500247 
4 500189 
4 500390 
4 500305 
4 500356 
4 500395 
4 500443 
4 500418 
4 500457 
4 500481 
4 500427 
4 500330 
4 500242 
4 500149 
4 500058 
4 500043 
4 500081 
4 500036 
4 499971 
4 499996 
4 499949 
4 499984 
4 500025 
4 499983 
4 500010 
4 500084 
4 500089 
4 500087 
4 500086 
4 499966 
4 499871 
4 499927 
4 499891 
4 499852 
4 499742 
4 499848 
4 499977 
4 499985 
4 500020 
4 499958 
4 500045 
4 499969 
4 500006 
4 500030 
4 500078 
4 500002 
4 499893 
4 499934 
4 499891 
4 499815 
4 499840 
4 499806 
4 499796 
4 499804 
4 499824 
4 499793 
4 499919 
4 499960 
4 499942 
4 499985 
4 500072 
4 500123 
4 500084 
4 499992 
4 500064 
4 500045 
4 500087 
4 500015 
4 499978 
4 500021 
4 500178 
4 500261 
4 500222 
4 500167 
4 500114 
4 500026 
4 500009 
4 500031 
4 499963 
4 499955 
4 500042 
4 500061 
4 499994 
4 499928 
4 499944 
4 499933 
4 499947 
4 499899 
4 499967 
4 500052 
4 499989 
4 500035 
4 500045 
4 500083 
4 500099 
4 500102 
4 500108 
4 500036 
4 499893 
4 499935 
4 499867 
4 499952 
4 500013 
4 499987 
4 499958 
4 500036 
4 500084 
4 500139 
4 500100 
4 500097 
4 500094 
4 500121 
4 500096 
4 500121 
4 500144 
4 500149 
4 500283 
4 500260 
4 500279 
4 500213 
4 500195 
4 500104 
4 500016 
4 500135 
4 500195 
4 500125 
4 500205 
4 500177 
4 500309 
4 500194 
4 500225 
4 500148 
4 500084 
4 500085 
4 500171 
4 500141 
4 500049 
4 500026 
4 500035 
4 499945 
4 499957 
4 500018 
4 499945 
4 499859 
4 499973 
4 499974 
4 499976 
4 500004 
4 500005 
4 500011 
4 500073 
4 500240 
4 500182 
4 500251 
4 500193 
4 500157 
4 500190 
4 500119 
4 500048 
4 500027 
4 500036 
4 500139 
4 500123 
4 500177 
4 500215 
4 500378 
4 500361 
4 500290 
4 500321 
4 500338 
4 500260 
4 500227 
4 500185 
4 500214 
4 500301 
4 500320 
4 500244 
4 500218 
4 500222 
4 500186 
4 500173 
4 500142 
4 500116 
4 500084 
4 500094 
4 500068 
4 500063 
4 500037 
4 500130 
4 500089 
4 500050 
4 500065 
4 500223 
4 500151 
4 500143 
4 500228 
4 500265 
4 500118 
4 500049 
4 500101 
4 500111 
4 500088 
4 500113 
4 500164 
4 500174 
4 500123 
4 500142 
4 500154 
4 500202 
4 500141 
4 500289 
4 500270 
4 500278 
4 500253 
4 500181 
4 500119 
4 500211 
4 500135 
4 500253 
4 500233 
4 500188 
4 500160 
4 500176 
4 500098 
4 500039 
4 500060 
4 500053 
4 500100 
4 500102 
4 500088 
4 500055 
4 499965 
4 499916 
4 500011 
4 500083 
4 500098 
4 500169 
4 500177 
4 500214 
4 500181 
4 500180 
4 500082 
4 500085 
4 500044 
4 500010 
4 500060 
4 500013 
4 500026 
4 499973 
4 499984 
4 499846 
4 499886 
4 499886 
4 499922 
4 499984 
4 499968 
4 500002 
4 500043 
4 499983 
4 499936 
4 500013 
4 499970 
4 499925 
4 499929 
4 499916 
4 499864 
4 499914 
4 499921 
4 499967 
4 499975 
4 499901 
4 499984 
4 500012 
4 499973 
4 500028 
4 500039 
4 500027 
4 499987 
4 499976 
4 500029 
4 500028 
4 500133 
4 500039 
4 499972 
4 499906 
4 499935 
4 499891 
4 499857 
4 499758 
4 499752 
4 499790 
4 499853 
4 499819 
4 499771 
4 499811 
4 499825 
4 499809 
4 499901 
4 499790 
4 499714 
4 499733 
4 499712 
4 499746 
4 499681 
4 499693 
4 499573 
4 499531 
4 499508 
4 499618 
4 499503 
4 499590 
4 499514 
4 499427 
4 499489 
4 499594 
4 499582 
4 499587 
4 499610 
4 499560 
4 499557 
4 499647 
4 499668 
4 499669 
4 499644 
4 499685 
4 499745 
4 499700 
4 499675 
4 499773 
4 499856 
4 499918 
4 499920 
4 499948 
4 500042 
4 500011 
4 500020 
4 500034 
4 500097 
4 500075 
4 500052 
4 500063 
4 500017 
4 500020 
4 500083 
4 500137 
4 500225 
4 500200 
4 500202 
4 500219 
4 500192 
4 500297 
4 500218 
4 500250 
4 500236 
4 500285 
4 500167 
4 500137 
4 500162 
4 500210 
4 500250 
4 500254 
4 500230 
4 500205 
4 500236 
4 500282 
4 500365 
4 500376 
4 500319 
4 500244 
4 500209 
4 500248 
4 500198 
4 500207 
4 500207 
4 500297 
4 500243 
4 500255 
4 500225 
4 500286 
4 500203 
4 500193 
4 500125 
4 499996 
4 499917 
4 499889 
4 499991 
4 499985 
4 500046 
4 499995 
4 500020 
4 500021 
4 500077 
4 500017 
4 499969 
4 500046 
4 500112 
4 500131 
4 500228 
4 500279 
4 500301 
4 500362 
4 500330 
4 500342 
4 500305 
4 500287 
4 500188 
4 500170 
4 500174 
4 500273 
4 500304 
4 500268 
4 500269 
4 500216 
4 500145 
4 500137 
4 500240 
4 500248 
4 500156 
4 500136 
4 500078 
4 500012 
4 499917 
4 499959 
4 499916 
4 499971 
4 499918 
4 499842 
4 499870 
4 499945 
4 499925 
4 499977 
4 499915 
4 499941 
4 499968 
4 499996 
4 499933 
4 499872 
4 499883 
4 499908 
4 499955 
4 500034 
4 500032 
4 500072 
4 5e+05 
4 499914 
4 499853 
4 499866 
4 499852 
4 499923 
4 499942 
4 499919 
4 499936 
4 499908 
4 499910 
4 499899 
4 499856 
4 499938 
4 499879 
4 499897 
4 499881 
4 499877 
4 499890 
4 499937 
4 499936 
4 499999 
4 499929 
4 499842 
4 499687 
4 499694 
4 499736 
4 499881 
4 500016 
4 499938 
4 500002 
4 499978 
4 499984 
4 499951 
4 500013 
4 499981 
4 500006 
4 500071 
4 500152 
4 500266 
4 500294 
4 500318 
4 500342 
4 500344 
4 500259 
4 500207 
4 500172 
4 500141 
4 500145 
4 500077 
4 500002 
4 500047 
4 500051 
4 500096 
4 500067 
4 500025 
4 499941 
4 499896 
4 499832 
4 499857 
4 499888 
4 499882 
4 499837 
4 499767 
4 499834 
4 499872 
4 499784 
4 499772 
4 499771 
4 499760 
4 499759 
4 499918 
4 499942 
4 499961 
4 500069 
4 500063 
4 500146 
4 500102 
4 500041 
4 500107 
4 500026 
4 499926 
4 499904 
4 499911 
4 499934 
4 499866 
4 499877 
4 499847 
4 499804 
4 499907 
4 499943 
4 499882 
4 499830 
4 499723 
4 499831 
4 499857 
4 499886 
4 499918 
4 499944 
4 499956 
4 500068 
4 500115 
4 500117 
4 500111 
4 500029 
4 499926 
4 499900 
4 499911 
4 499943 
4 499944 
4 499917 
4 499960 
4 500006 
4 500004 
4 499982 
4 499971 
4 499969 
4 500031 
4 500037 
4 500018 
4 500035 
4 499967 
4 499989 
4 500014 
4 500047 
4 500003 
4 499971 
4 499960 
4 499968 
4 499924 
4 499882 
4 499763 
4 499838 
4 499855 
4 499833 
4 499871 
4 499838 
4 499954 
4 499924 
4 499874 
4 499886 
4 499854 
4 499907 
4 499996 
4 499972 
4 499987 
4 499970 
4 500040 
4 500065 
4 499992 
4 499996 
4 499991 
4 499995 
4 500015 
4 499892 
4 499916 
4 499955 
4 499999 
4 499995 
4 499983 
4 499875 
4 500051 
4 500004 
4 499993 
4 499967 
4 499939 
4 499942 
4 500022 
4 499976 
4 499948 
4 499956 
4 499985 
4 499987 
4 499960 
4 500038 
4 500063 
4 500055 
4 500096 
4 500037 
4 500102 
4 500073 
4 500020 
4 499990 
4 499962 
4 499879 
4 499897 
4 499825 
4 499754 
4 499779 
4 499857 
4 499979 
4 500002 
4 499967 
4 499908 
4 499915 
4 499904 
4 499905 
4 499958 
4 499966 
4 499980 
4 499928 
4 499909 
4 499991 
4 499946 
4 499939 
4 499953 
4 499942 
4 499867 
4 499883 
4 499867 
4 499830 
4 499774 
4 499739 
4 499702 
4 499810 
4 499806 
4 499898 
4 499852 
4 499838 
4 499850 
4 499884 
4 499893 
4 499969 
4 499966 
4 499970 
4 500074 
4 499955 
4 500004 
4 499897 
4 499904 
4 499933 
4 499969 
4 499926 
4 5e+05 
4 499930 
4 499970 
4 499935 
4 499944 
4 499905 
4 499843 
4 499912 
4 499933 
4 499809 
4 499790 
4 499676 
4 499823 
4 499822 
4 499861 
4 499894 
4 499913 
4 500070 
4 500098 
4 500009 
4 499968 
4 499995 
4 499953 
4 499909 
4 499884 
4 499954 
4 499992 
4 500033 
4 500054 
4 500041 
4 500085 
4 500093 
4 500156 
4 500213 
4 500218 
4 500166 
4 500193 
4 500138 
4 500066 
4 500006 
4 500128 
4 500146 
4 500108 
4 500078 
4 500179 
4 500126 
4 500077 
4 499993 
4 499981 
4 500002 
4 500045 
4 500046 
4 500082 
4 500093 
4 500055 
4 500007 
4 500108 
4 500060 
4 500077 
4 500040 
4 499979 
4 499882 
4 499903 
4 499953 
4 499940 
4 499999 
4 500012 
4 500007 
4 500010 
4 500055 
4 500088 
4 500020 
4 500060 
4 500043 
4 500116 
4 500105 
4 499997 
4 499966 
4 499974 
4 499995 
4 499980 
4 499993 
4 499955 
4 500048 
4 499945 
4 500029 
4 499971 
4 499946 
4 499964 
4 499947 
4 499914 
4 499919 
4 500016 
4 500011 
4 500019 
4 499986 
4 500012 
4 499958 
4 500020 
4 500034 
4 499998 
4 499972 
4 499922 
4 499933 
4 499955 
4 499954 
4 500001 
4 499963 
4 500088 
4 500096 
4 500114 
4 500038 
4 500011 
4 500114 
4 500110 
4 500051 
4 500016 
4 499947 
4 499909 
4 499853 
4 499905 
4 499879 
4 499861 
4 499919 
4 499964 
4 499904 
4 499914 
4 499931 
4 499980 
4 499955 
4 499986 
4 500019 
4 499994 
4 499999 
4 500029 
4 500054 
4 500064 
4 500071 
4 500060 
4 500038 
4 500053 
4 500173 
4 500127 
4 500093 
4 500034 
4 500060 
4 500078 
4 499993 
4 499969 
4 500021 
4 499936 
4 500037 
4 500004 
4 499910 
4 499970 
4 500054 
4 500068 
4 500009 
4 499939 
4 499933 
4 499804 
4 499827 
4 499821 
4 499784 
4 499747 
4 499757 
4 499668 
4 499682 
4 499741 
4 499786 
4 499808 
4 499809 
4 499834 
4 499818 
4 499776 
4 499762 
4 499855 
4 499824 
4 499771 
4 499817 
4 499812 
4 499870 
4 499843 
4 499874 
4 499834 
4 499883 
4 499886 
4 499878 
4 499953 
4 499847 
4 499766 
4 499767 
4 499755 
4 499886 
4 499884 
4 499851 
4 499901 
4 499885 
4 499934 
4 499973 
4 499988 
4 499987 
4 499924 
4 499877 
4 499891 
4 499834 
4 499871 
4 499918 
4 499834 
4 499763 
4 499732 
4 499821 
4 499743 
4 499747 
4 499692 
4 499774 
4 499763 
4 499754 
4 499673 
4 499753 
4 499869 
4 499828 
4 499964 
4 499928 
4 500064 
4 500010 
4 500011 
4 500094 
4 500122 
4 500062 
4 500072 
4 500064 
4 500153 
4 500089 
4 500038 
4 499954 
4 499980 
4 499948 
4 500034 
4 500036 
4 500166 
4 500016 
4 500084 
4 499972 
4 499980 
4 499909 
4 499959 
4 499993 
4 500034 
4 500081 
4 500044 
4 500069 
4 500046 
4 500075 
4 499926 
4 499933 
4 499902 
4 500012 
4 500069 
4 500001 
4 500046 
4 499969 
4 500018 
4 499910 
4 499958 
4 499926 
4 499941 
4 499923 
4 499885 
4 499990 
4 499918 
4 499906 
4 499943 
4 499957 
4 499951 
4 499931 
4 499904 
4 499901 
4 499951 
4 499965 
4 499999 
4 499931 
4 500018 
4 499901 
4 499945 
4 500041 
4 500035 
4 500062 
4 500093 
4 500116 
4 500118 
4 500128 
4 500097 
4 500181 
4 500190 
4 500195 
4 500178 
4 500270 
4 500277 
4 500221 
4 500139 
4 500215 
4 500244 
4 500281 
4 500223 
4 500273 
4 500208 
4 500135 
4 500188 
4 500197 
4 500135 
4 500146 
8 0 
8 9970 
8 19953 
8 29928 
8 39902 
8 49873 
8 59830 
8 69803 
8 79759 
8 89719 
8 99691 
8 109648 
8 119599 
8 129553 
8 139499 
8 149437 
8 159378 
8 169316 
8 179225 
8 189136 
8 199020 
8 208885 
8 218724 
8 228555 
8 238352 
8 248125 
8 257828 
8 267547 
8 277196 
8 286805 
8 296299 
8 305697 
8 315012 
8 324199 
8 333272 
8 342152 
8 350826 
8 359326 
8 367496 
8 375476 
8 383176 
8 390628 
8 397883 
8 404847 
8 411389 
8 417661 
8 423470 
8 429103 
8 434489 
8 439419 
8 444134 
8 448348 
8 452403 
8 456031 
8 459700 
8 462925 
8 465824 
8 468512 
8 471096 
8 473513 
8 475693 
8 477913 
8 479691 
8 481418 
8 483062 
8 484379 
8 485738 
8 486977 
8 487979 
8 489060 
8 490194 
8 490985 
8 491816 
8 492502 
8 493103 
8 493799 
8 494256 
8 494782 
8 495338 
8 495756 
8 496030 
8 496399 
8 496708 
8 497025 
8 497256 
8 497562 
8 497773 
8 497887 
8 498310 
8 498345 
8 498534 
8 498706 
8 498748 
8 498965 
8 499001 
8 499186 
8 499366 
8 499387 
8 499339 
8 499341 
8 499536 
8 499393 
8 499354 
8 499526 
8 499423 
8 499629 
8 499742 
8 499816 
8 499765 
8 499742 
8 499707 
8 499744 
8 499805 
8 499880 
8 499894 
8 499913 
8 500021 
8 499907 
8 499726 
8 499657 
8 499717 
8 499758 
8 499696 
8 499732 
8 499830 
8 499894 
8 500011 
8 499953 
8 499770 
8 499760 
8 499719 
8 499691 
8 499864 
8 499890 
8 499837 
8 499903 
8 499970 
8 500017 
8 499925 
8 499999 
8 500052 
8 500145 
8 500130 
8 500142 
8 500183 
8 500210 
8 500220 
8 500167 
8 500087 
8 500124 
8 500128 
8 500085 
8 500098 
8 500075 
8 500038 
8 499916 
8 499889 
8 499857 
8 499876 
8 499969 
8 499908 
8 499883 
8 499888 
8 499964 
8 499895 
8 499933 
8 499937 
8 499935 
8 499942 
8 499890 
8 499988 
8 500112 
8 500250 
8 500325 
8 500254 
8 500283 
8 500236 
8 500178 
8 500198 
8 500267 
8 500285 
8 500323 
8 500327 
8 500309 
8 500229 
8 500159 
8 500089 
8 500050 
8 500067 
8 500042 
8 500032 
8 500077 
8 500222 
8 500156 
8 500249 
8 500360 
8 500456 
8 500402 
8 500374 
8 500165 
8 500199 
8 500247 
8 500203 
8 500224 
8 500196 
8 500132 
8 500156 
8 500133 
8 500166 
8 500154 
8 500101 
8 500158 
8 500027 
8 499991 
8 499951 
8 500013 
8 499841 
8 499742 
8 499687 
8 499706 
8 499764 
8 499784 
8 499832 
8 499739 
8 499700 
8 499698 
8 499765 
8 499861 
8 500083 
8 500030 
8 500004 
8 500102 
8 500027 
8 500094 
8 500296 
8 500330 
8 500266 
8 500190 
8 500347 
8 500197 
8 500275 
8 500230 
8 500133 
8 499946 
8 500016 
8 499970 
8 499913 
8 499951 
8 499931 
8 499851 
8 499783 
8 499823 
8 499813 
8 499927 
8 500027 
8 500072 
8 500073 
8 500028 
8 500104 
8 500244 
8 500303 
8 500169 
8 500101 
8 500092 
8 500027 
8 499974 
8 499965 
8 499983 
8 499930 
8 499935 
8 500054 
8 499990 
8 499938 
8 499987 
8 500076 
8 500026 
8 500075 
8 500064 
8 500168 
8 500158 
8 500209 
8 500190 
8 500069 
8 500085 
8 500085 
8 500063 
8 500021 
8 500130 
8 500160 
8 500056 
8 500096 
8 500087 
8 500224 
8 500181 
8 500071 
8 500137 
8 500169 
8 500083 
8 500094 
8 499991 
8 499957 
8 499791 
8 499904 
8 499977 
8 499953 
8 499901 
8 499819 
8 499830 
8 499956 
8 499966 
8 500037 
8 500079 
8 499974 
8 500017 
8 500041 
8 499920 
8 499842 
8 499932 
8 499969 
8 500049 
8 500067 
8 500011 
8 500068 
8 500138 
8 500052 
8 500106 
8 500206 
8 500326 
8 500318 
8 500397 
8 500426 
8 500295 
8 500372 
8 500419 
8 500407 
8 500304 
8 500265 
8 500124 
8 500189 
8 500126 
8 500114 
8 500173 
8 500180 
8 500264 
8 500237 
8 500337 
8 500238 
8 500171 
8 500174 
8 500170 
8 500151 
8 500155 
8 500022 
8 500016 
8 500145 
8 500280 
8 500218 
8 500281 
8 500321 
8 500256 
8 500094 
8 500156 
8 500187 
8 500158 
8 500176 
8 500139 
8 500160 
8 500158 
8 500199 
8 500293 
8 500250 
8 500159 
8 500122 
8 499986 
8 499953 
8 499877 
8 499937 
8 499908 
8 499882 
8 499890 
8 499944 
8 499972 
8 499978 
8 499940 
8 500041 
8 499971 
8 499927 
8 499981 
8 499898 
8 499945 
8 499900 
8 499731 
8 499770 
8 499735 
8 499723 
8 499751 
8 499948 
8 499939 
8 499877 
8 499869 
8 499997 
8 499988 
8 500052 
8 499985 
8 500004 
8 500104 
8 500120 
8 500119 
8 500165 
8 500170 
8 500110 
8 500119 
8 500290 
8 500275 
8 500323 
8 500223 
8 500132 
8 500084 
8 499981 
8 499928 
8 499815 
8 499733 
8 499603 
8 499684 
8 499791 
8 499830 
8 499897 
8 499923 
8 499771 
8 499777 
8 499867 
8 500003 
8 499951 
8 499932 
8 499968 
8 499946 
8 500043 
8 500023 
8 499990 
8 500005 
8 499890 
8 499918 
8 500009 
8 500109 
8 500056 
8 500083 
8 500034 
8 500072 
8 500266 
8 500185 
8 500171 
8 500226 
8 500175 
8 500258 
8 500233 
8 500190 
8 500106 
8 500133 
8 500145 
8 500073 
8 500116 
8 500127 
8 500157 
8 500022 
8 500039 
8 499971 
8 499908 
8 500015 
8 500145 
8 500271 
8 500238 
8 500245 
8 500236 
8 500177 
8 500094 
8 500019 
8 499990 
8 500004 
8 499994 
8 500045 
8 500070 
8 500006 
8 500025 
8 499985 
8 499911 
8 499871 
8 499749 
8 499803 
8 499727 
8 499742 
8 499846 
8 499878 
8 499780 
8 499752 
8 499678 
8 499708 
8 499721 
8 499743 
8 499660 
8 499736 
8 499749 
8 499760 
8 499830 
8 499809 
8 499735 
8 499766 
8 499879 
8 499796 
8 499787 
8 499831 
8 499738 
8 499707 
8 499739 
8 499613 
8 499571 
8 499548 
8 499592 
8 499723 
8 499842 
8 499802 
8 499761 
8 499697 
8 499815 
8 499734 
8 499668 
8 499603 
8 499735 
8 499695 
8 499823 
8 499885 
8 499770 
8 499843 
8 499848 
8 499968 
8 499957 
8 499875 
8 499853 
8 499854 
8 499811 
8 499845 
8 499804 
8 499879 
8 499780 
8 499770 
8 499773 
8 499814 
8 499855 
8 499712 
8 499801 
8 499780 
8 499743 
8 499929 
8 500008 
8 499947 
8 499892 
8 499971 
8 499995 
8 499830 
8 499793 
8 499817 
8 499857 
8 499846 
8 499955 
8 499811 
8 499844 
8 499855 
8 499828 
8 499977 
8 499989 
8 499960 
8 499847 
8 499797 
8 499673 
8 499694 
8 499698 
8 499672 
8 499566 
8 499550 
8 499662 
8 499773 
8 499955 
8 499934 
8 499971 
8 499876 
8 499894 
8 499992 
8 499951 
8 499903 
8 499961 
8 499826 
8 499751 
8 499838 
8 499762 
8 499772 
8 499855 
8 499892 
8 499842 
8 499953 
8 499925 
8 499945 
8 499846 
8 499874 
8 499956 
8 499878 
8 499941 
8 499966 
8 499998 
8 500118 
8 500108 
8 500159 
8 500029 
8 499860 
8 499856 
8 499934 
8 499968 
8 499943 
8 499884 
8 499946 
8 500073 
8 500069 
8 500064 
8 500118 
8 500205 
8 500291 
8 500253 
8 500245 
8 500224 
8 500155 
8 500086 
8 499985 
8 500034 
8 500033 
8 499951 
8 499890 
8 499917 
8 500041 
8 500073 
8 500015 
8 500113 
8 500076 
8 499992 
8 499954 
8 499967 
8 499899 
8 499843 
8 499951 
8 499978 
8 499950 
8 499881 
8 499881 
8 499805 
8 499826 
8 499924 
8 499929 
8 499926 
8 499927 
8 499919 
8 499963 
8 499987 
8 500068 
8 500060 
8 500044 
8 500029 
8 500077 
8 500104 
8 500063 
8 500111 
8 500093 
8 500098 
8 500093 
8 500163 
8 500018 
8 500061 
8 500034 
8 500019 
8 499993 
8 500114 
8 500136 
8 500105 
8 500134 
8 500152 
8 500113 
8 499946 
8 499911 
8 499908 
8 499870 
8 500012 
8 499940 
8 500044 
8 500010 
8 499899 
8 499822 
8 499815 
8 499851 
8 499831 
8 499946 
8 5e+05 
8 500044 
8 499990 
8 500008 
8 499812 
8 499750 
8 499750 
8 499949 
8 499808 
8 499839 
8 499878 
8 499836 
8 499920 
8 499797 
8 499854 
8 499780 
8 499814 
8 499790 
8 499852 
8 499817 
8 499874 
8 499757 
8 499758 
8 499811 
8 499877 
8 499861 
8 499884 
8 499991 
8 500090 
8 500117 
8 500009 
8 500041 
8 500056 
8 500133 
8 500156 
8 500053 
8 500023 
8 500005 
8 499949 
8 500004 
8 500007 
8 500006 
8 499972 
8 499993 
8 500001 
8 500141 
8 500253 
8 500210 
8 500180 
8 500168 
8 500129 
8 500079 
8 500009 
8 499965 
8 500134 
8 500099 
8 500103 
8 500166 
8 500266 
8 500290 
8 500269 
8 500356 
8 500300 
8 500162 
8 500105 
8 500193 
8 500145 
8 500163 
8 500153 
8 500183 
8 500231 
8 500178 
8 500269 
8 500262 
8 500169 
8 500191 
8 500149 
8 500064 
8 500200 
8 500125 
8 500140 
8 500128 
8 499944 
8 499991 
8 500063 
8 500112 
8 500093 
8 500067 
8 500077 
8 500131 
8 500178 
8 500269 
8 500149 
8 500306 
8 500340 
8 500366 
8 500201 
8 500232 
8 500154 
8 500068 
8 500133 
8 500109 
8 500065 
8 500057 
8 500046 
8 500147 
8 500051 
8 499957 
8 499894 
8 500079 
8 500108 
8 500177 
8 500146 
8 500067 
8 500030 
8 500036 
8 499977 
8 499960 
8 499850 
8 499791 
8 499853 
8 499836 
8 499918 
8 500009 
8 500035 
8 500046 
8 500014 
8 499878 
8 499991 
8 499943 
8 499934 
8 499914 
8 499808 
8 499739 
8 499716 
8 499682 
8 499748 
8 499828 
8 499808 
8 499831 
8 5e+05 
8 499918 
8 499800 
8 499779 
8 499878 
8 499963 
8 499940 
8 499931 
8 500034 
8 499928 
8 500045 
8 499992 
8 500103 
8 500155 
8 500092 
8 500096 
8 500006 
8 500002 
8 499973 
8 499961 
8 500104 
8 500053 
8 500086 
8 500047 
8 500087 
8 500007 
8 499974 
8 500017 
8 499962 
8 499915 
8 499943 
8 499943 
8 499996 
8 500025 
8 500013 
8 500017 
8 500071 
8 500070 
8 500051 
8 499956 
8 499948 
8 499914 
8 500092 
8 500152 
8 500097 
8 500063 
8 500032 
8 499989 
8 499939 
8 499859 
8 499872 
8 499880 
8 499984 
8 500184 
8 500144 
8 500104 
8 500083 
8 500159 
8 500139 
8 499993 
8 499943 
8 499965 
8 499913 
8 499974 
8 500061 
8 499950 
8 499878 
8 499922 
8 499919 
8 499780 
8 499848 
8 499803 
8 499772 
8 499790 
8 499913 
8 499889 
8 499984 
8 500077 
8 500143 
8 500041 
8 500030 
8 499985 
8 499965 
8 499949 
8 500033 
8 500059 
8 499972 
8 500010 
8 499967 
8 500041 
8 500063 
8 500134 
8 500116 
8 500143 
8 500135 
8 500052 
8 500010 
8 499933 
8 499874 
8 499925 
8 499955 
8 499933 
8 499932 
8 499815 
8 499886 
8 499836 
8 499938 
8 499903 
8 499779 
8 499848 
8 499844 
8 499718 
8 499691 
8 499685 
8 499748 
8 499727 
8 499746 
8 499894 
8 499916 
8 499983 
8 500031 
8 500120 
8 500028 
8 500027 
8 500078 
8 500057 
8 500039 
8 500077 
8 500157 
8 500226 
8 500209 
8 500159 
8 500028 
8 500091 
8 500157 
8 500238 
8 500230 
8 500203 
8 500184 
8 500157 
8 500047 
8 500142 
8 500147 
8 500109 
8 500055 
8 500086 
8 500052 
8 500146 
8 500173 
8 499971 
8 499980 
8 499911 
8 499940 
8 499955 
8 500001 
8 500041 
8 499971 
8 500059 
8 499969 
8 499981 
8 499883 
8 500023 
8 500007 
8 499971 
8 499976 
8 500026 
8 500119 
8 500104 
8 500116 
8 500097 
8 5e+05 
8 499976 
8 500024 
8 500095 
8 499994 
8 499995 
8 499953 
8 499923 
8 499845 
8 499920 
8 499893 
8 499877 
8 499875 
8 499874 
8 499747 
8 499859 
8 499862 
8 499863 
8 499750 
8 499779 
8 499782 
8 499733 
8 499655 
8 499630 
8 499553 
8 499591 
8 499667 
8 499592 
8 499674 
8 499849 
8 499833 
8 499896 
8 499911 
8 500017 
8 500056 
8 500063 
8 499963 
8 499930 
8 500012 
8 500014 
8 499970 
8 499920 
8 499978 
8 499990 
8 499884 
8 499952 
8 499999 
8 500037 
8 499969 
8 499913 
8 500007 
8 499956 
8 499942 
8 499970 
8 499973 
8 499940 
8 500041 
8 500144 
8 500091 
8 499996 
8 500041 
8 500048 
8 500072 
8 500066 
8 500010 
8 500068 
8 500123 
8 500167 
8 500180 
8 500138 
8 500116 
8 500201 
8 500148 
8 500092 
8 500120 
8 500104 
8 500178 
8 500083 
8 500104 
8 500087 
8 500004 
8 499940 
8 500006 
8 500073 
8 500197 
8 500124 
8 500072 
8 500051 
8 499904 
8 499881 
8 499991 
8 500132 
8 500068 
8 500027 
8 500057 
8 499979 
8 500037 
8 499963 
8 499980 
8 499888 
8 499857 
8 499944 
8 500029 
8 500145 
8 500068 
8 500053 
8 500284 
8 500334 
8 500246 
8 500218 
8 500122 
8 499982 
8 499894 
8 499861 
8 499915 
8 499892 
8 499889 
8 499886 
8 499857 
8 499831 
8 499884 
8 499961 
8 499899 
8 499878 
8 499948 
8 499959 
8 499933 
8 499936 
8 499876 
8 499814 
8 499852 
8 499894 
8 499863 
8 499889 
8 499910 
8 499812 
8 499797 
8 499747 
8 499815 
8 499819 
8 499903 
8 499871 
8 499930 
8 499971 
8 500025 
8 499931 
8 499934 
8 499944 
8 499990 
8 500016 
8 500143 
8 500077 
8 500010 
8 500081 
8 499976 
8 499998 
8 499988 
8 499981 
8 499943 
8 499941 
8 499931 
8 499936 
8 499930 
8 500027 
8 500060 
8 500174 
8 500197 
8 500138 
8 500113 
8 500124 
8 500169 
8 500057 
8 500076 
8 499956 
8 499956 
8 499923 
8 499916 
8 499883 
8 499843 
8 499744 
8 499803 
8 499817 
8 499879 
8 499870 
8 499738 
8 499685 
8 499625 
8 499750 
8 499669 
8 499807 
8 499874 
8 499920 
8 499855 
8 499861 
8 499821 
8 499839 
8 499827 
8 499989 
8 499968 
8 500155 
8 500091 
8 500097 
8 500216 
8 500247 
8 500156 
8 500187 
8 500148 
8 500067 
8 499916 
8 499959 
8 499912 
8 499924 
8 499828 
8 499864 
8 499842 
8 499898 
8 499750 
8 499778 
8 499834 
8 499822 
8 499741 
8 499726 
8 499789 
8 499821 
8 499808 
8 499860 
8 499910 
8 499965 
8 500029 
8 499993 
8 499907 
8 499957 
8 499981 
8 499969 
8 5e+05 
8 500089 
8 500058 
8 500008 
8 500011 
8 499906 
8 499912 
8 500003 
8 500002 
8 500051 
8 500012 
8 499921 
8 499896 
8 499862 
8 499874 
8 499972 
8 500057 
8 500100 
8 500159 
8 500231 
8 500178 
8 500199 
8 500051 
8 500026 
8 500020 
8 499999 
8 499958 
8 499910 
8 499850 
8 499943 
8 499919 
8 499895 
8 499955 
8 499953 
8 500085 
8 500138 
8 500211 
8 500177 
8 500208 
8 500146 
8 500135 
8 500169 
8 500166 
8 500102 
8 500207 
8 500224 
8 500225 
8 500219 
8 500185 
8 499937 
8 499986 
8 500040 
8 500050 
8 500110 
8 500081 
8 500107 
8 500088 
8 500093 
8 500116 
8 500116 
8 500057 
8 500007 
8 499944 
8 499943 
8 499956 
8 500026 
8 499974 
8 500035 
8 500038 
8 500078 
8 500074 
8 500095 
8 500006 
8 500031 
8 499984 
8 500019 
8 500135 
8 500047 
8 500150 
8 500076 
8 500116 
8 500232 
8 500149 
8 500181 
8 500194 
8 500121 
8 500021 
8 500005 
8 500037 
8 499968 
8 499961 
8 499923 
8 499766 
8 499852 
8 499910 
8 499972 
8 499904 
8 499832 
8 499726 
8 499883 
8 499924 
8 499952 
8 500035 
8 500048 
8 500013 
8 499985 
8 5e+05 
8 499975 
8 500016 
8 499991 
8 500001 
8 500036 
8 500120 
8 500070 
8 500118 
8 500091 
8 500122 
8 500148 
8 499936 
8 499979 
8 499908 
8 499952 
8 499939 
8 499858 
8 499909 
8 499968 
8 499959 
8 499876 
8 499926 
8 499849 
8 499905 
8 499922 
8 499829 
8 499917 
8 499882 
8 499872 
8 499882 
8 499922 
8 499919 
8 499816 
8 499812 
8 499798 
8 499837 
8 499779 
8 499812 
8 499891 
8 500007 
8 499912 
8 499953 
8 500009 
8 499937 
8 499944 
8 499881 
8 499905 
8 499913 
8 499981 
8 499954 
8 499927 
8 499992 
8 500052 
8 500037 
8 499965 
8 500010 
8 500049 
8 500023 
8 500043 
8 500024 
8 500043 
8 500004 
8 499933 
8 499849 
8 499908 
8 499999 
8 499965 
8 500044 
8 500082 
8 500089 
8 500082 
8 500023 
8 499989 
8 499941 
8 499960 
8 500041 
8 500015 
8 500078 
8 500015 
8 500062 
8 500021 
8 499992 
8 500012 
8 500028 
8 499940 
8 499910 
8 499928 
8 499886 
8 499977 
8 5e+05 
8 499963 
8 499932 
8 499915 
8 499841 
8 499885 
8 499962 
8 499926 
8 499936 
8 499948 
8 499882 
8 499944 
8 500007 
8 499991 
8 499938 
8 499948 
8 499973 
8 499957 
8 499966 
8 499955 
8 499989 
8 499971 
8 499878 
8 499944 
8 499868 
8 499744 
8 499723 
8 499726 
8 499905 
8 499896 
8 499914 
8 499959 
8 499921 
8 499887 
8 499903 
8 499912 
8 499950 
8 499965 
8 499961 
8 499995 
8 500013 
8 500109 
8 500133 
8 500038 
8 499944 
8 499983 
8 499954 
8 499969 
8 500031 
8 499990 
8 499926 
8 499983 
8 499984 
8 499923 
8 499999 
8 499959 
8 499969 
8 499987 
8 5e+05 
8 500001 
8 500015 
8 500004 
8 499988 
8 500051 
8 500018 
8 499935 
8 499923 
8 499944 
8 499921 
8 499880 
8 499846 
8 499801 
8 499729 
8 499796 
8 499831 
8 499912 
8 499978 
8 500148 
8 500060 
8 499991 
8 500117 
8 500128 
8 500184 
8 500208 
8 500077 
8 500176 
8 500169 
8 500156 
8 500045 
8 499972 
8 500024 
8 500103 
8 500076 
8 500100 
8 500124 
8 500162 
8 500076 
8 500181 
8 500103 
8 500095 
8 500101 
8 500037 
8 499974 
8 500094 
8 500112 
8 500109 
8 500183 
8 500242 
8 500131 
8 500034 
8 500115 
8 499980 
8 499869 
8 499983 
8 500033 
8 500016 
8 499960 
8 499924 
8 499952 
8 499991 
8 499904 
8 499983 
8 500010 
8 499989 
8 499930 
8 499941 
8 499872 
8 499834 
8 499822 
8 499750 
8 499740 
8 499788 
8 499736 
8 499745 
8 499768 
8 499764 
8 499878 
8 499842 
8 499956 
8 500050 
8 500177 
8 500102 
8 500200 
8 500091 
8 500074 
8 500136 
8 500189 
8 500119 
8 500085 
8 500056 
8 500059 
8 500067 
8 500063 
8 500052 
8 499999 
8 499929 
8 500037 
8 500013 
8 500059 
8 500058 
8 500145 
8 500189 
8 500128 
8 500072 
8 500148 
8 500107 
8 500183 
8 500131 
8 500103 
8 500027 
8 499991 
8 500012 
8 500022 
8 500011 
8 500011 
8 499913 
8 500043 
8 500008 
8 499965 
8 500013 
8 499936 
8 499948 
8 499846 
8 499782 
8 499839 
8 499814 
8 499825 
8 499890 
8 499975 
8 500073 
8 500118 
8 500136 
8 500220 
8 500136 
8 500072 
8 499996 
8 499908 
8 499809 
8 499862 
8 499836 
8 499914 
8 499891 
8 499913 
8 499931 
8 499974 
8 500034 
8 500112 
8 500006 
8 500072 
8 500002 
8 499940 
8 499845 
8 499935 
8 499908 
8 499868 
8 499913 
8 499904 
8 499879 
8 499983 
8 500045 
8 500155 
8 500165 
8 500244 
8 500375 
8 500260 
8 500173 
8 500208 
8 500235 
8 500153 
8 499982 
8 499986 
8 499963 
8 499863 
8 499819 
8 499814 
8 499725 
8 499745 
8 499749 
8 499862 
8 499871 
8 499904 
8 499945 
8 499960 
8 499982 
8 499911 
8 499944 
8 500022 
8 500059 
8 500094 
8 500051 
8 500014 
8 500001 
8 499968 
8 499997 
8 500073 
8 500102 
8 500061 
8 500094 
8 499950 
8 499981 
8 499930 
8 499907 
8 499890 
8 499926 
8 499940 
8 499893 
8 499967 
8 499926 
8 499844 
8 499865 
8 499786 
8 499831 
8 499846 
8 499915 
8 500040 
8 499969 
8 499998 
8 500077 
8 500112 
8 500075 
8 500047 
8 500002 
8 500015 
8 499921 
8 499862 
8 499786 
8 499755 
8 499773 
8 499781 
8 499754 
8 499788 
8 499751 
8 499825 
8 499857 
8 499838 
8 499911 
8 499844 
8 5e+05 
8 499983 
8 500040 
8 499966 
8 499932 
8 499942 
8 499889 
8 499897 
8 499985 
8 499899 
8 499982 
8 500023 
8 500039 
8 500117 
8 500106 
8 499985 
8 500104 
8 500003 
8 500070 
8 500046 
8 500200 
8 500221 
8 500327 
8 500371 
8 500261 
8 500197 
8 500241 
8 500144 
8 500229 
8 500188 
8 500164 
8 500105 
8 500067 
8 500029 
8 500063 
8 499824 
8 499829 
8 500011 
8 500064 
8 500015 
8 500049 
8 499987 
8 499865 
8 499957 
8 500004 
8 499946 
8 500023 
8 499979 
8 499925 
8 499945 
8 499933 
8 499944 
8 499802 
8 499794 
8 499890 
8 499886 
8 499875 
8 499945 
8 499951 
8 499872 
8 499900 
8 499960 
8 500066 
8 500006 
8 500013 
8 500114 
8 500152 
8 500118 
8 500020 
8 500126 
8 500031 
8 500028 
8 500122 
8 500096 
8 500162 
8 500133 
8 500104 
8 500131 
8 500202 
8 500179 
8 500209 
8 500199 
8 500120 
8 500001 
8 500079 
8 500203 
8 500245 
8 500140 
8 500132 
8 500194 
8 500207 
8 500125 
8 500048 
8 500023 
8 500026 
8 499970 
8 499912 
8 499936 
8 499857 
8 499850 
8 500007 
8 500126 
8 500117 
8 500117 
8 500137 
8 500110 
8 500039 
8 500016 
8 499951 
8 499892 
8 500003 
8 500049 
8 500077 
8 500079 
8 500009 
8 499916 
8 499906 
8 499968 
8 500003 
8 499887 
8 499904 
8 499980 
8 499855 
8 499857 
8 499795 
8 499900 
8 499864 
8 499976 
8 499914 
8 499954 
8 499941 
8 499903 
8 499890 
8 500001 
8 500012 
8 499989 
8 500061 
8 499939 
8 499835 
8 499820 
8 499939 
8 499984 
8 499971 
8 499868 
8 499902 
8 499973 
8 499974 
8 499891 
8 499820 
8 499772 
8 499837 
8 499861 
8 499839 
8 499801 
8 499861 
8 499912 
8 499871 
8 499768 
8 499732 
8 499688 
8 499825 
8 499753 
8 499845 
8 499924 
8 499834 
8 499848 
8 499835 
8 499911 
8 499994 
8 5e+05 
8 500035 
8 499889 
8 500027 
8 500148 
8 500257 
8 500238 
8 500179 
8 500141 
8 500121 
8 500185 
8 500182 
8 500200 
8 500165 
8 500236 
8 500209 
8 500176 
8 500132 
8 500242 
8 500171 
8 500211 
8 500213 
8 500186 
8 500161 
8 500189 
8 500136 
8 500037 
8 499929 
8 499812 
8 499779 
8 499711 
8 499717 
8 499798 
8 499835 
8 499720 
8 499774 
8 499811 
8 499807 
8 499829 
8 499813 
8 499828 
8 499772 
8 499775 
8 499818 
8 499735 
8 499713 
8 499823 
8 499902 
8 499887 
8 499788 
8 499799 
8 499793 
8 499754 
8 499657 
8 499715 
8 499761 
8 499777 
8 499910 
8 499939 
8 499928 
8 499964 
8 499974 
8 500058 
8 500115 
8 500039 
8 500057 
8 499972 
8 500023 
8 500039 
8 500051 
8 500071 
8 500087 
8 500047 
8 499986 
8 500042 
8 500002 
8 499951 
8 499931 
8 499927 
8 499965 
8 499956 
8 500047 
8 500069 
8 500071 
8 499976 
8 499891 
8 500017 
8 500054 
8 500016 
8 500059 
8 500126 
8 500149 
8 500101 
8 500073 
8 499924 
8 499785 
8 499878 
8 499936 
4 0 
4 9954 
4 19901 
4 29849 
4 39785 
4 49711 
4 59660 
4 69594 
4 79507 
4 89405 
4 99316 
4 109190 
4 119065 
4 128922 
4 138750 
4 148568 
4 158351 
4 168087 
4 177798 
4 187454 
4 197069 
4 206601 
4 216105 
4 225517 
4 234855 
4 244104 
4 253268 
4 262283 
4 271192 
4 279987 
4 288629 
4 297189 
4 305520 
4 313754 
4 321745 
4 329621 
4 337236 
4 344594 
4 351846 
4 358742 
4 365391 
4 371935 
4 378129 
4 384248 
4 390096 
4 395666 
4 400936 
4 406154 
4 411034 
4 415697 
4 420245 
4 424509 
4 428578 
4 432455 
4 436231 
4 439811 
4 443061 
4 446252 
4 449200 
4 452111 
4 454690 
4 457296 
4 459691 
4 462004 
4 464115 
4 466112 
4 467865 
4 469694 
4 471334 
4 472949 
4 474534 
4 475962 
4 477439 
4 478631 
4 479954 
4 481035 
4 482087 
4 483091 
4 484042 
4 485062 
4 485835 
4 486742 
4 487574 
4 488280 
4 488850 
4 489590 
4 490222 
4 490793 
4 491240 
4 491699 
4 492143 
4 492571 
4 493040 
4 493382 
4 493654 
4 494097 
4 494466 
4 494864 
4 495149 
4 495408 
4 495795 
4 496008 
4 496338 
4 496496 
4 496685 
4 496838 
4 496956 
4 497148 
4 497221 
4 497452 
4 497584 
4 497812 
4 497964 
4 498023 
4 498259 
4 498423 
4 498378 
4 498426 
4 498502 
4 498523 
4 498613 
4 498645 
4 498665 
4 498834 
4 498829 
4 498913 
4 498946 
4 499017 
4 499097 
4 499041 
4 499129 
4 499091 
4 499195 
4 499221 
4 499301 
4 499186 
4 499300 
4 499400 
4 499503 
4 499580 
4 499541 
4 499472 
4 499476 
4 499573 
4 499675 
4 499671 
4 499675 
4 499682 
4 499790 
4 499767 
4 499693 
4 499752 
4 499675 
4 499665 
4 499621 
4 499735 
4 499698 
4 499766 
4 499881 
4 499904 
4 499859 
4 499776 
4 499751 
4 499772 
4 499810 
4 499823 
4 499935 
4 499891 
4 499912 
4 499856 
4 499862 
4 499915 
4 499932 
4 5e+05 
4 500047 
4 500101 
4 500105 
4 500145 
4 500187 
4 500183 
4 500223 
4 500382 
4 500363 
4 500208 
4 500072 
4 500024 
4 500026 
4 499924 
4 499872 
4 500046 
4 500017 
4 499910 
4 499877 
4 499917 
4 499984 
4 500023 
4 500060 
4 500084 
4 499998 
4 499931 
4 499922 
4 500041 
4 500014 
4 500094 
4 499986 
4 499920 
4 499881 
4 499898 
4 499941 
4 500051 
4 500037 
4 500063 
4 499994 
4 500027 
4 499990 
4 500085 
4 500052 
4 500084 
4 500174 
4 500148 
4 500098 
4 500051 
4 499990 
4 500011 
4 500042 
4 500066 
4 499968 
4 499893 
4 499882 
4 499904 
4 499924 
4 499888 
4 499830 
4 499837 
4 499858 
4 499861 
4 499906 
4 499843 
4 499895 
4 500045 
4 500079 
4 500185 
4 500198 
4 500224 
4 500069 
4 500150 
4 500144 
4 500126 
4 500082 
4 500094 
4 499944 
4 499962 
4 499959 
4 499926 
4 499928 
4 499928 
4 499993 
4 500002 
4 499981 
4 500102 
4 500195 
4 500196 
4 500268 
4 500348 
4 500228 
4 500254 
4 500343 
4 500430 
4 500357 
4 500429 
4 500360 
4 500413 
4 500386 
4 500360 
4 500216 
4 500165 
4 500227 
4 500239 
4 500276 
4 500410 
4 500449 
4 500399 
4 500356 
4 500303 
4 500215 
4 500107 
4 500224 
4 500194 
4 500123 
4 500185 
4 500239 
4 500208 
4 500153 
4 500166 
4 500077 
4 500119 
4 500160 
4 500076 
4 500002 
4 500037 
4 500054 
4 500006 
4 499882 
4 499847 
4 499951 
4 499931 
4 500061 
4 499899 
4 499853 
4 499905 
4 499897 
4 499971 
4 499991 
4 500006 
4 500005 
4 500051 
4 499938 
4 499938 
4 499905 
4 499895 
4 499892 
4 499747 
4 499761 
4 499741 
4 499759 
4 499841 
4 499797 
4 499839 
4 499892 
4 499850 
4 499806 
4 499700 
4 499724 
4 499730 
4 499780 
4 499737 
4 499686 
4 499723 
4 499667 
4 499857 
4 499858 
4 499813 
4 499802 
4 499735 
4 499829 
4 499700 
4 499709 
4 499841 
4 499970 
4 499986 
4 499980 
4 500014 
4 500076 
4 500087 
4 500069 
4 499927 
4 500021 
4 500111 
4 500139 
4 500226 
4 500314 
4 500342 
4 500354 
4 500307 
4 500300 
4 500312 
4 500299 
4 500339 
4 500369 
4 500343 
4 500330 
4 500187 
4 500119 
4 500166 
4 500066 
4 500041 
4 500189 
4 500167 
4 500184 
4 500169 
4 500207 
4 500178 
4 500215 
4 500251 
4 500300 
4 500345 
4 500387 
4 500383 
4 500379 
4 500472 
4 500465 
4 500454 
4 500347 
4 500420 
4 500307 
4 500230 
4 500227 
4 500219 
4 500192 
4 500109 
4 500137 
4 500172 
4 500013 
4 500047 
4 500062 
4 500003 
4 499906 
4 499906 
4 499841 
4 499835 
4 499739 
4 499932 
4 499992 
4 500003 
4 499886 
4 499920 
4 499910 
4 499908 
4 499956 
4 499968 
4 500012 
4 500007 
4 500176 
4 500127 
4 500052 
4 500123 
4 500173 
4 500112 
4 500077 
4 500063 
4 500065 
4 500085 
4 500065 
4 500068 
4 500066 
4 500108 
4 500104 
4 500079 
4 500166 
4 500251 
4 500195 
4 500174 
4 500048 
4 500063 
4 499936 
4 499817 
4 499799 
4 499741 
4 499812 
4 499846 
4 499794 
4 499924 
4 499897 
4 499869 
4 499887 
4 499934 
4 499966 
4 500013 
4 499984 
4 500026 
4 500005 
4 499967 
4 499935 
4 500033 
4 500077 
4 499986 
4 499995 
4 499987 
4 499997 
4 499953 
4 500010 
4 500013 
4 499874 
4 499874 
4 499972 
4 500005 
4 499872 
4 499866 
4 499898 
4 499836 
4 499842 
4 499705 
4 499672 
4 499673 
4 499634 
4 499572 
4 499579 
4 499674 
4 499724 
4 499772 
4 499778 
4 499802 
4 499665 
4 499668 
4 499692 
4 499756 
4 499797 
4 499770 
4 499744 
4 499733 
4 499748 
4 499608 
4 499590 
4 499707 
4 499749 
4 499836 
4 499967 
4 500054 
4 499985 
4 499982 
4 500014 
4 499984 
4 499976 
4 500055 
4 500153 
4 500080 
4 500011 
4 499899 
4 500004 
4 499966 
4 499982 
4 499921 
4 499807 
4 499764 
4 499804 
4 499898 
4 499978 
4 500033 
4 499996 
4 499933 
4 499953 
4 499948 
4 499903 
4 500002 
4 500033 
4 499941 
4 499859 
4 499964 
4 500055 
4 500086 
4 500126 
4 500057 
4 500063 
4 500081 
4 500155 
4 500041 
4 500009 
4 500013 
4 499824 
4 499822 
4 499730 
4 499676 
4 499777 
4 499826 
4 499778 
4 499826 
4 499912 
4 500025 
4 500130 
4 500075 
4 500082 
4 500022 
4 500016 
4 500070 
4 500170 
4 500143 
4 500104 
4 500040 
4 499963 
4 499994 
4 499908 
4 499892 
4 499877 
4 499848 
4 499792 
4 499829 
4 499866 
4 499956 
4 499923 
4 499997 
4 499995 
4 500001 
4 500010 
4 499976 
4 499977 
4 499939 
4 499886 
4 499914 
4 499949 
4 499980 
4 499854 
4 499976 
4 499936 
4 500027 
4 499987 
4 499948 
4 499911 
4 499825 
4 499721 
4 499691 
4 499692 
4 499702 
4 499809 
4 499841 
4 499873 
4 499898 
4 500015 
4 500059 
4 500158 
4 500134 
4 500184 
4 500229 
4 500179 
4 500245 
4 500310 
4 500295 
4 500292 
4 500194 
4 500154 
4 500198 
4 500132 
4 500199 
4 500297 
4 500257 
4 500329 
4 500343 
4 500244 
4 500165 
4 500202 
4 500246 
4 500168 
4 500109 
4 500170 
4 500253 
4 500305 
4 500325 
4 500342 
4 500304 
4 500298 
4 500203 
4 500184 
4 500123 
4 500171 
4 500192 
4 500223 
4 500131 
4 500142 
4 500140 
4 500098 
4 500101 
4 500156 
4 500193 
4 500106 
4 500051 
4 500075 
4 500010 
4 499941 
4 499850 
4 499750 
4 499696 
4 499740 
4 499824 
4 499845 
4 499822 
4 499968 
4 499941 
4 499960 
4 499876 
4 499862 
4 499801 
4 499838 
4 499795 
4 499857 
4 499865 
4 499845 
4 499861 
4 499810 
4 499787 
4 499740 
4 499695 
4 499663 
4 499690 
4 499673 
4 499692 
4 499710 
4 499796 
4 499936 
4 499954 
4 499992 
4 500080 
4 499953 
4 499882 
4 499984 
4 499982 
4 499982 
4 500060 
4 500113 
4 500131 
4 500156 
4 500050 
4 500075 
4 500057 
4 499967 
4 499963 
4 499942 
4 499978 
4 499967 
4 499868 
4 499762 
4 499766 
4 499705 
4 499755 
4 499762 
4 499822 
4 499792 
4 499794 
4 499909 
4 500012 
4 499891 
4 499847 
4 499751 
4 499760 
4 499711 
4 499699 
4 499762 
4 499777 
4 499938 
4 499933 
4 499969 
4 499992 
4 499975 
4 499977 
4 499954 
4 500013 
4 500021 
4 499996 
4 500003 
4 500040 
4 500001 
4 499858 
4 499869 
4 499973 
4 499971 
4 499961 
4 499914 
4 499905 
4 499963 
4 499914 
4 499934 
4 499977 
4 500039 
4 499985 
4 499962 
4 499930 
4 500010 
4 500036 
4 500072 
4 499963 
4 500003 
4 499958 
4 499962 
4 500024 
4 500143 
4 500159 
4 500090 
4 499981 
4 499934 
4 499958 
4 499941 
4 500009 
4 500033 
4 500094 
4 500128 
4 500101 
4 500161 
4 500063 
4 499994 
4 500009 
4 500004 
4 500138 
4 500111 
4 500018 
4 500097 
4 500068 
4 500057 
4 500093 
4 500101 
4 500055 
4 500013 
4 499944 
4 500003 
4 499957 
4 499989 
4 500010 
4 500060 
4 500098 
4 500060 
4 499992 
4 500067 
4 500140 
4 500097 
4 500056 
4 499858 
4 499788 
4 499768 
4 499776 
4 499752 
4 499747 
4 499794 
4 499815 
4 499720 
4 499720 
4 499733 
4 499797 
4 499790 
4 499816 
4 499831 
4 499928 
4 499954 
4 499922 
4 499989 
4 500106 
4 500098 
4 500155 
4 500092 
4 500025 
4 500060 
4 499975 
4 499932 
4 499941 
4 499839 
4 499848 
4 499864 
4 499737 
4 499806 
4 499784 
4 499692 
4 499691 
4 499687 
4 499813 
4 499832 
4 499762 
4 499799 
4 499758 
4 499599 
4 499615 
4 499494 
4 499609 
4 499634 
4 499601 
4 499483 
4 499393 
4 499387 
4 499468 
4 499383 
4 499394 
4 499340 
4 499529 
4 499548 
4 499597 
4 499686 
4 499653 
4 499608 
4 499616 
4 499625 
4 499676 
4 499644 
4 499624 
4 499653 
4 499645 
4 499598 
4 499579 
4 499675 
4 499669 
4 499714 
4 499759 
4 499747 
4 499839 
4 499837 
4 499897 
4 499802 
4 499757 
4 499751 
4 499830 
4 499832 
4 499771 
4 499757 
4 499840 
4 499951 
4 499958 
4 500024 
4 499967 
4 499976 
4 499864 
4 499927 
4 499898 
4 499878 
4 499892 
4 499863 
4 499912 
4 499940 
4 499978 
4 499968 
4 500061 
4 499958 
4 499939 
4 500034 
4 500117 
4 500148 
4 500216 
4 500323 
4 500384 
4 500401 
4 500376 
4 500367 
4 500416 
4 500287 
4 500253 
4 500319 
4 500273 
4 500262 
4 500051 
4 500026 
4 499984 
4 500013 
4 499907 
4 499879 
4 499917 
4 499936 
4 499866 
4 499820 
4 499847 
4 499948 
4 499938 
4 499902 
4 499926 
4 499947 
4 500020 
4 500058 
4 500051 
4 500141 
4 500157 
4 500137 
4 500090 
4 500017 
4 500031 
4 500039 
4 499908 
4 499963 
4 500016 
4 500146 
4 500088 
4 500046 
4 500057 
4 500083 
4 500041 
4 500042 
4 500018 
4 500001 
4 499968 
4 500018 
4 500027 
4 499977 
4 499932 
4 499922 
4 499835 
4 499762 
4 499793 
4 499823 
4 499878 
4 499940 
4 499916 
4 499888 
4 499992 
4 499929 
4 499955 
4 499990 
4 499899 
4 499972 
4 499953 
4 499987 
4 499947 
4 500005 
4 500050 
4 500017 
4 499984 
4 500029 
4 499995 
4 499929 
4 500071 
4 500126 
4 499990 
4 499994 
4 499940 
4 499948 
4 499993 
4 499938 
4 499925 
4 499866 
4 499872 
4 499973 
4 499918 
4 499869 
4 499834 
4 499905 
4 500040 
4 500172 
4 500115 
4 500087 
4 500167 
4 500154 
4 500193 
4 500247 
4 500189 
4 500390 
4 500305 
4 500356 
4 500395 
4 500443 
4 500418 
4 500457 
4 500481 
4 500427 
4 500330 
4 500242 
4 500149 
4 500058 
4 500043 
4 500081 
4 500036 
4 499971 
4 499996 
4 499949 
4 499984 
4 500025 
4 499983 
4 500010 
4 500084 
4 500089 
4 500087 
4 500086 
4 499966 
4 499871 
4 499927 
4 499891 
4 499852 
4 499742 
4 499848 
4 499977 
4 499985 
4 500020 
4 499958 
4 500045 
4 499969 
4 500006 
4 500030 
4 500078 
4 500002 
4 499893 
4 499934 
4 499891 
4 499815 
4 499840 
4 499806 
4 499796 
4 499804 
4 499824 
4 499793 
4 499919 
4 499960 
4 499942 
4 499985 
4 500072 
4 500123 
4 500084 
4 499992 
4 500064 
4 500045 
4 500087 
4 500015 
4 499978 
4 500021 
4 500178 
4 500261 
4 500222 
4 500167 
4 500114 
4 500026 
4 500009 
4 500031 
4 499963 
4 499955 
4 500042 
4 500061 
4 499994 
4 499928 
4 499944 
4 499933 
4 499947 
4 499899 
4 499967 
4 500052 
4 499989 
4 500035 
4 500045 
4 500083 
4 500099 
4 500102 
4 500108 
4 500036 
4 499893 
4 499935 
4 499867 
4 499952 
4 500013 
4 499987 
4 499958 
4 500036 
4 500084 
4 500139 
4 500100 
4 500097 
4 500094 
4 500121 
4 500096 
4 500121 
4 500144 
4 500149 
4 500283 
4 500260 
4 500279 
4 500213 
4 500195 
4 500104 
4 500016 
4 500135 
4 500195 
4 500125 
4 500205 
4 500177 
4 500309 
4 500194 
4 500225 
4 500148 
4 500084 
4 500085 
4 500171 
4 500141 
4 500049 
4 500026 
4 500035 
4 499945 
4 499957 
4 500018 
4 499945 
4 499859 
4 499973 
4 499974 
4 499976 
4 500004 
4 500005 
4 500011 
4 500073 
4 500240 
4 500182 
4 500251 
4 500193 
4 500157 
4 500190 
4 500119 
4 500048 
4 500027 
4 500036 
4 500139 
4 500123 
4 500177 
4 500215 
4 500378 
4 500361 
4 500290 
4 500321 
4 500338 
4 500260 
4 500227 
4 500185 
4 500214 
4 500301 
4 500320 
4 500244 
4 500218 
4 500222 
4 500186 
4 500173 
4 500142 
4 500116 
4 500084 
4 500094 
4 500068 
4 500063 
4 500037 
4 500130 
4 500089 
4 500050 
4 500065 
4 500223 
4 500151 
4 500143 
4 500228 
4 500265 
4 500118 
4 500049 
4 500101 
4 500111 
4 500088 
4 500113 
4 500164 
4 500174 
4 500123 
4 500142 
4 500154 
4 500202 
4 500141 
4 500289 
4 500270 
4 500278 
4 500253 
4 500181 
4 500119 
4 500211 
4 500135 
4 500253 
4 500233 
4 500188 
4 500160 
4 500176 
4 500098 
4 500039 
4 500060 
4 500053 
4 500100 
4 500102 
4 500088 
4 500055 
4 499965 
4 499916 
4 500011 
4 500083 
4 500098 
4 500169 
4 500177 
4 500214 
4 500181 
4 500180 
4 500082 
4 500085 
4 500044 
4 500010 
4 500060 
4 500013 
4 500026 
4 499973 
4 499984 
4 499846 
4 499886 
4 499886 
4 499922 
4 499984 
4 499968 
4 500002 
4 500043 
4 499983 
4 499936 
4 500013 
4 499970 
4 499925 
4 499929 
4 499916 
4 499864 
4 499914 
4 499921 
4 499967 
4 499975 
4 499901 
4 499984 
4 500012 
4 499973 
4 500028 
4 500039 
4 500027 
4 499987 
4 499976 
4 500029 
4 500028 
4 500133 
4 500039 
4 499972 
4 499906 
4 499935 
4 499891 
4 499857 
4 499758 
4 499752 
4 499790 
4 499853 
4 499819 
4 499771 
4 499811 
4 499825 
4 499809 
4 499901 
4 499790 
4 499714 
4 499733 
4 499712 
4 499746 
4 499681 
4 499693 
4 499573 
4 499531 
4 499508 
4 499618 
4 499503 
4 499590 
4 499514 
4 499427 
4 499489 
4 499594 
4 499582 
4 499587 
4 499610 
4 499560 
4 499557 
4 499647 
4 499668 
4 499669 
4 499644 
4 499685 
4 499745 
4 499700 
4 499675 
4 499773 
4 499856 
4 499918 
4 499920 
4 499948 
4 500042 
4 500011 
4 500020 
4 500034 
4 500097 
4 500075 
4 500052 
4 500063 
4 500017 
4 500020 
4 500083 
4 500137 
4 500225 
4 500200 
4 500202 
4 500219 
4 500192 
4 500297 
4 500218 
4 500250 
4 500236 
4 500285 
4 500167 
4 500137 
4 500162 
4 500210 
4 500250 
4 500254 
4 500230 
4 500205 
4 500236 
4 500282 
4 500365 
4 500376 
4 500319 
4 500244 
4 500209 
4 500248 
4 500198 
4 500207 
4 500207 
4 500297 
4 500243 
4 500255 
4 500225 
4 500286 
4 500203 
4 500193 
4 500125 
4 499996 
4 499917 
4 499889 
4 499991 
4 499985 
4 500046 
4 499995 
4 500020 
4 500021 
4 500077 
4 500017 
4 499969 
4 500046 
4 500112 
4 500131 
4 500228 
4 500279 
4 500301 
4 500362 
4 500330 
4 500342 
4 500305 
4 500287 
4 500188 
4 500170 
4 500174 
4 500273 
4 500304 
4 500268 
4 500269 
4 500216 
4 500145 
4 500137 
4 500240 
4 500248 
4 500156 
4 500136 
4 500078 
4 500012 
4 499917 
4 499959 
4 499916 
4 499971 
4 499918 
4 499842 
4 499870 
4 499945 
4 499925 
4 499977 
4 499915 
4 499941 
4 499968 
4 499996 
4 499933 
4 499872 
4 499883 
4 499908 
4 499955 
4 500034 
4 500032 
4 500072 
4 5e+05 
4 499914 
4 499853 
4 499866 
4 499852 
4 499923 
4 499942 
4 499919 
4 499936 
4 499908 
4 499910 
4 499899 
4 499856 
4 499938 
4 499879 
4 499897 
4 499881 
4 499877 
4 499890 
4 499937 
4 499936 
4 499999 
4 499929 
4 499842 
4 499687 
4 499694 
4 499736 
4 499881 
4 500016 
4 499938 
4 500002 
4 499978 
4 499984 
4 499951 
4 500013 
4 499981 
4 500006 
4 500071 
4 500152 
4 500266 
4 500294 
4 500318 
4 500342 
4 500344 
4 500259 
4 500207 
4 500172 
4 500141 
4 500145 
4 500077 
4 500002 
4 500047 
4 500051 
4 500096 
4 500067 
4 500025 
4 499941 
4 499896 
4 499832 
4 499857 
4 499888 
4 499882 
4 499837 
4 499767 
4 499834 
4 499872 
4 499784 
4 499772 
4 499771 
4 499760 
4 499759 
4 499918 
4 499942 
4 499961 
4 500069 
4 500063 
4 500146 
4 500102 
4 500041 
4 500107 
4 500026 
4 499926 
4 499904 
4 499911 
4 499934 
4 499866 
4 499877 
4 499847 
4 499804 
4 499907 
4 499943 
4 499882 
4 499830 
4 499723 
4 499831 
4 499857 
4 499886 
4 499918 
4 499944 
4 499956 
4 500068 
4 500115 
4 500117 
4 500111 
4 500029 
4 499926 
4 499900 
4 499911 
4 499943 
4 499944 
4 499917 
4 499960 
4 500006 
4 500004 
4 499982 
4 499971 
4 499969 
4 500031 
4 500037 
4 500018 
4 500035 
4 499967 
4 499989 
4 500014 
4 500047 
4 500003 
4 499971 
4 499960 
4 499968 
4 499924 
4 499882 
4 499763 
4 499838 
4 499855 
4 499833 
4 499871 
4 499838 
4 499954 
4 499924 
4 499874 
4 499886 
4 499854 
4 499907 
4 499996 
4 499972 
4 499987 
4 499970 
4 500040 
4 500065 
4 499992 
4 499996 
4 499991 
4 499995 
4 500015 
4 499892 
4 499916 
4 499955 
4 499999 
4 499995 
4 499983 
4 499875 
4 500051 
4 500004 
4 499993 
4 499967 
4 499939 
4 499942 
4 500022 
4 499976 
4 499948 
4 499956 
4 499985 
4 499987 
4 499960 
4 500038 
4 500063 
4 500055 
4 500096 
4 500037 
4 500102 
4 500073 
4 500020 
4 499990 
4 499962 
4 499879 
4 499897 
4 499825 
4 499754 
4 499779 
4 499857 
4 499979 
4 500002 
4 499967 
4 499908 
4 499915 
4 499904 
4 499905 
4 499958 
4 499966 
4 499980 
4 499928 
4 499909 
4 499991 
4 499946 
4 499939 
4 499953 
4 499942 
4 499867 
4 499883 
4 499867 
4 499830 
4 499774 
4 499739 
4 499702 
4 499810 
4 499806 
4 499898 
4 499852 
4 499838 
4 499850 
4 499884 
4 499893 
4 499969 
4 499966 
4 499970 
4 500074 
4 499955 
4 500004 
4 499897 
4 499904 
4 499933 
4 499969 
4 499926 
4 5e+05 
4 499930 
4 499970 
4 499935 
4 499944 
4 499905 
4 499843 
4 499912 
4 499933 
4 499809 
4 499790 
4 499676 
4 499823 
4 499822 
4 499861 
4 499894 
4 499913 
4 500070 
4 500098 
4 500009 
4 499968 
4 499995 
4 499953 
4 499909 
4 499884 
4 499954 
4 499992 
4 500033 
4 500054 
4 500041 
4 500085 
4 500093 
4 500156 
4 500213 
4 500218 
4 500166 
4 500193 
4 500138 
4 500066 
4 500006 
4 500128 
4 500146 
4 500108 
4 500078 
4 500179 
4 500126 
4 500077 
4 499993 
4 499981 
4 500002 
4 500045 
4 500046 
4 500082 
4 500093 
4 500055 
4 500007 
4 500108 
4 500060 
4 500077 
4 500040 
4 499979 
4 499882 
4 499903 
4 499953 
4 499940 
4 499999 
4 500012 
4 500007 
4 500010 
4 500055 
4 500088 
4 500020 
4 500060 
4 500043 
4 500116 
4 500105 
4 499997 
4 499966 
4 499974 
4 499995 
4 499980 
4 499993 
4 499955 
4 500048 
4 499945 
4 500029 
4 499971 
4 499946 
4 499964 
4 499947 
4 499914 
4 499919 
4 500016 
4 500011 
4 500019 
4 499986 
4 500012 
4 499958 
4 500020 
4 500034 
4 499998 
4 499972 
4 499922 
4 499933 
4 499955 
4 499954 
4 500001 
4 499963 
4 500088 
4 500096 
4 500114 
4 500038 
4 500011 
4 500114 
4 500110 
4 500051 
4 500016 
4 499947 
4 499909 
4 499853 
4 499905 
4 499879 
4 499861 
4 499919 
4 499964 
4 499904 
4 499914 
4 499931 
4 499980 
4 499955 
4 499986 
4 500019 
4 499994 
4 499999 
4 500029 
4 500054 
4 500064 
4 500071 
4 500060 
4 500038 
4 500053 
4 500173 
4 500127 
4 500093 
4 500034 
4 500060 
4 500078 
4 499993 
4 499969 
4 500021 
4 499936 
4 500037 
4 500004 
4 499910 
4 499970 
4 500054 
4 500068 
4 500009 
4 499939 
4 499933 
4 499804 
4 499827 
4 499821 
4 499784 
4 499747 
4 499757 
4 499668 
4 499682 
4 499741 
4 499786 
4 499808 
4 499809 
4 499834 
4 499818 
4 499776 
4 499762 
4 499855 
4 499824 
4 499771 
4 499817 
4 499812 
4 499870 
4 499843 
4 499874 
4 499834 
4 499883 
4 499886 
4 499878 
4 499953 
4 499847 
4 499766 
4 499767 
4 499755 
4 499886 
4 499884 
4 499851 
4 499901 
4 499885 
4 499934 
4 499973 
4 499988 
4 499987 
4 499924 
4 499877 
4 499891 
4 499834 
4 499871 
4 499918 
4 499834 
4 499763 
4 499732 
4 499821 
4 499743 
4 499747 
4 499692 
4 499774 
4 499763 
4 499754 
4 499673 
4 499753 
4 499869 
4 499828 
4 499964 
4 499928 
4 500064 
4 500010 
4 500011 
4 500094 
4 500122 
4 500062 
4 500072 
4 500064 
4 500153 
4 500089 
4 500038 
4 499954 
4 499980 
4 499948 
4 500034 
4 500036 
4 500166 
4 500016 
4 500084 
4 499972 
4 499980 
4 499909 
4 499959 
4 499993 
4 500034 
4 500081 
4 500044 
4 500069 
4 500046 
4 500075 
4 499926 
4 499933 
4 499902 
4 500012 
4 500069 
4 500001 
4 500046 
4 499969 
4 500018 
4 499910 
4 499958 
4 499926 
4 499941 
4 499923 
4 499885 
4 499990 
4 499918 
4 499906 
4 499943 
4 499957 
4 499951 
4 499931 
4 499904 
4 499901 
4 499951 
4 499965 
4 499999 
4 499931 
4 500018 
4 499901 
4 499945 
4 500041 
4 500035 
4 500062 
4 500093 
4 500116 
4 500118 
4 500128 
4 500097 
4 500181 
4 500190 
4 500195 
4 500178 
4 500270 
4 500277 
4 500221 
4 500139 
4 500215 
4 500244 
4 500281 
4 500223 
4 500273 
4 500208 
4 500135 
4 500188 
4 500197 
4 500135 
4 500146 
