4 0.03026983 0.02731991 
4 0.01442526 0.01542999 
4 0.01906048 0.05335702 
4 0.09132198 0.1789579 
4 0.02437812 0.07296883 
4 0.07442128 0.131088 
4 0.002730766 0.01273105 
4 0.009709347 0.04340249 
4 0.03963165 0.02926627 
4 0.04642552 0.04782959 
4 0.01172221 0.04319188 
4 0.01967014 0.02821788 
4 0.05093018 0.0633994 
4 0.01659667 0.02575112 
4 0.02334281 0.01700919 
4 0.1259086 0.09019819 
4 0.01038984 0.03419605 
4 0.04680053 0.04832797 
4 0.03704098 0.03251822 
4 0.1312954 0.106787 
4 0.009200593 0.01971713 
4 0.04124129 0.01705191 
4 0.03349447 0.02942804 
4 0.03959676 0.04430319 
4 0.05279958 0.05875391 
4 0.02015488 0.0416865 
4 0.05441541 0.05980893 
4 0.04068746 0.08113676 
4 0.04623943 0.06826725 
4 0.04681792 0.1489383 
4 0.009062703 0.01696504 
4 0.01965808 0.09495625 
4 0.006860068 0.004059904 
4 0.005845064 0.01529362 
4 0.01790353 0.02172518 
4 0.006166442 0.1320703 
4 0.01262311 0.1585994 
4 0.007045196 0.01671352 
4 0.02893619 0.02702591 
4 0.004535418 0.06554904 
4 0.01290194 0.1022659 
4 0.0676292 0.02357479 
4 0.007973259 0.01504621 
4 0.06059147 0.04837787 
4 0.08988792 0.09664089 
4 0.00681802 0.01245981 
4 0.02120775 0.04141979 
4 0.01011517 0.03817597 
4 0.02839347 0.09846688 
4 0.02227596 0.0474542 
8 0.01566533 0.02183669 
8 0.0122557 0.01921465 
8 0.03216581 0.1241573 
8 0.006636332 0.02865991 
8 0.01163237 0.07966787 
8 0.0452332 0.01321052 
8 0.01231129 0.1044273 
8 0.006350676 0.01083916 
8 0.07277465 0.06766431 
8 0.03761785 0.057627 
8 0.07556332 0.009321396 
8 0.05010418 0.1067632 
8 0.02864827 0.07910691 
8 0.01087156 0.006018126 
8 0.02401135 0.02127782 
8 0.03770681 0.007020358 
8 0.08452777 0.1144376 
8 0.07206167 0.06034959 
8 0.01720933 0.06545925 
8 0.02427286 0.05202582 
8 0.04677612 0.09138708 
8 0.002493952 0.0681222 
8 0.003294363 0.03925928 
8 0.08559461 0.08953528 
8 0.03576494 0.01221443 
8 0.06002623 0.07527105 
8 0.009686667 0.04011062 
8 0.02869145 0.04035706 
8 0.09343559 0.1320885 
8 0.03229805 0.1513675 
8 0.01006186 0.01792712 
8 0.07136485 0.09682644 
8 0.02937759 0.02188562 
8 0.03499149 0.008222872 
8 0.002645243 0.003271167 
8 0.01321312 0.01713318 
8 0.005711189 0.02353996 
8 0.008398665 0.009584264 
8 0.05751103 0.06726824 
8 0.01425597 0.03765668 
8 0.0169742 0.04300911 
8 0.02015186 0.08737167 
8 0.03149714 0.03245258 
8 0.04208601 0.05674677 
8 0.06767296 0.02704803 
8 0.02958982 0.02988692 
8 0.03885916 0.0007877201 
8 0.03150824 0.004277003 
8 0.0001564543 0.0351985 
8 0.0173506 0.08964963 
16 0.01901894 0.04680358 
16 0.07035099 0.08037874 
16 0.01667742 0.07722294 
16 0.03112449 0.008861931 
16 0.02742546 0.08173924 
16 0.06943453 0.09221745 
16 0.009528221 0.006466303 
16 0.01385556 0.01290976 
16 0.01175007 0.03262436 
16 0.01815098 0.03655684 
16 0.04159147 0.06388591 
16 0.005779009 0.1464479 
16 0.01613916 0.00267917 
16 0.02544429 0.02873143 
16 0.01785561 0.02311905 
16 0.02825889 0.05216475 
16 0.03387115 0.01240769 
16 0.01402318 0.01615117 
16 0.003492852 0.04016236 
16 0.02422251 0.01115084 
16 0.006894308 0.03711012 
16 0.02501525 0.01725632 
16 0.04078727 0.08365318 
16 0.02910618 0.02820442 
16 0.03950839 0.02376276 
16 0.03267969 0.03604079 
16 0.0123238 0.002022134 
16 0.006068847 0.020541 
16 0.009866241 0.01257633 
16 0.01757714 0.01367297 
16 0.004506161 0.0004003079 
16 0.0306617 0.03853193 
16 0.01136943 0.08561969 
16 0.02068415 0.01343659 
16 0.01095483 0.01648319 
16 0.04358866 0.06967286 
16 0.01904581 0.08243685 
16 0.03189008 0.03907551 
16 0.009609611 0.01305248 
16 0.03962151 0.04058839 
16 0.03247235 0.004230039 
16 0.03703286 0.03995033 
16 0.05238763 0.1172014 
16 0.03695233 0.07589299 
16 0.02314082 0.04092008 
16 0.02231331 5.46035e-05 
16 0.009916302 0.006596582 
16 0.01872145 0.07376739 
16 0.01134468 0.04303982 
16 0.05175583 0.03883447 
32 0.0096198 0.003997745 
32 0.02504856 0.03321365 
32 0.02325956 0.03190481 
32 0.03158893 0.02247463 
32 0.0003812988 0.04674988 
32 0.001232288 0.03513038 
32 0.004024413 0.01682025 
32 0.002871949 0.01463951 
32 0.02225218 0.01866939 
32 0.006583863 0.06782583 
32 0.01544282 0.100227 
32 0.003083295 0.01461383 
32 0.01304269 0.003276742 
32 0.02170709 0.04127511 
32 0.00638396 0.03223371 
32 0.01534313 0.02314027 
32 0.02470528 0.1512473 
32 0.03047461 0.08477278 
32 0.002972415 0.04644621 
32 0.02787249 0.01369063 
32 0.04147533 0.02777345 
32 0.02207063 0.01677737 
32 0.007821247 0.01892836 
32 0.03055053 0.07248313 
32 0.02577527 0.01318623 
32 0.01211165 0.0340653 
32 0.05165925 0.1248639 
32 0.02248621 0.07088102 
32 0.03635751 0.04150311 
32 0.02988756 0.002664734 
32 0.004105325 0.001141627 
32 0.01868225 0.02561474 
32 0.0410411 0.008120954 
32 0.008264158 0.008850438 
32 0.03263772 0.01875391 
32 0.02858775 0.1120304 
32 0.003193686 0.002929526 
32 0.0009803732 0.06276664 
32 0.0002390096 0.08886542 
32 0.04616535 0.09506842 
32 0.01404848 0.05856686 
32 0.03145167 0.0131066 
32 0.01475602 0.1397558 
32 0.02265338 0.03140689 
32 0.0265481 0.06273839 
32 0.01986551 0.01065928 
32 0.05487885 0.09974763 
32 0.02135355 0.04452962 
32 0.006526948 0.1255231 
32 0.008182616 0.03574888 
64 0.03294656 0.04628338 
64 0.04565975 0.07692954 
64 0.01479378 0.01892547 
64 0.006721947 0.01902412 
64 0.004685779 0.02260773 
64 0.01156403 0.02235063 
64 0.03277886 0.04301869 
64 0.01566425 0.10073 
64 0.004972836 0.04612097 
64 0.02361376 0.006604985 
64 0.02177064 0.05637203 
64 0.01577613 0.0116681 
64 0.01469404 0.03849369 
64 0.000131005 0.006345096 
64 0.02346072 0.1093718 
64 0.01640745 5.100229e-05 
64 0.02095805 0.02243567 
64 0.03417563 0.008955872 
64 0.02767078 0.03283366 
64 0.02803226 0.0193768 
64 0.04037847 0.1222751 
64 0.03090265 0.02733554 
64 0.02547761 0.02483515 
64 0.01871795 0.1549829 
64 0.02393555 0.01452762 
64 0.0009672717 0.01394444 
64 0.02632617 0.06538132 
64 0.02054018 0.007850411 
64 0.03069356 0.09857612 
64 0.006396278 0.04015952 
64 0.008830833 0.02642978 
64 0.006139683 0.0291613 
64 0.0006918681 0.02661234 
64 0.03740828 0.09545267 
64 0.0233861 0.03208839 
64 0.04076262 0.05305704 
64 0.01494726 0.002169372 
64 0.007619962 0.1013263 
64 0.01336416 0.02038497 
64 0.01681446 0.01831661 
64 0.01413204 0.01475352 
64 0.01136624 0.006243086 
64 0.05177092 0.01411281 
64 0.02617674 0.01822348 
64 0.009736754 0.06840611 
64 0.006533257 0.002146429 
64 0.00658467 0.1263342 
64 0.007968226 0.005723108 
64 0.01313784 0.00134611 
64 0.03742777 0.08370657 
128 0.02298536 0.03207264 
128 0.009327081 0.002646388 
128 0.02364118 0.04818382 
128 0.009198378 0.03445175 
128 0.02337344 0.004620535 
128 0.01949254 0.04366405 
128 0.002927199 0.03782106 
128 0.04196397 0.0487264 
128 0.02207537 0.05539732 
128 0.006747308 0.03298089 
128 0.01933129 0.0267671 
128 0.007774231 0.01632067 
128 0.005812305 0.02105636 
128 0.009245535 0.02037432 
128 0.02386645 0.0381485 
128 0.03339805 0.009234957 
128 0.007085317 0.04933009 
128 0.02072076 0.004090273 
128 0.01596054 0.07204852 
128 0.03478979 0.03115096 
128 0.02541914 0.05748205 
128 0.01110769 0.01002546 
128 0.02567431 0.1532445 
128 0.02340947 0.02118652 
128 0.006540011 0.04627772 
128 0.03122752 0.0561152 
128 0.03672055 0.03443327 
128 0.005052984 0.01455039 
128 0.01095511 0.04286907 
128 0.001295029 0.02705215 
128 0.001797992 0.01886454 
128 0.02240118 0.02278509 
128 1.078903e-05 0.008630632 
128 0.0001953283 0.01938585 
128 0.01545559 0.02575993 
128 0.0001033545 0.150007 
128 0.005443903 0.1179631 
128 0.002519292 0.06423892 
128 0.04614973 0.04480995 
128 0.02761851 0.02702177 
128 0.006639148 0.0778539 
128 0.002303703 0.007321468 
128 0.01630195 0.1287244 
128 0.0385173 0.06212419 
128 0.01590925 0.003896212 
128 0.008231125 0.01035115 
128 0.007875462 0.02689556 
128 0.01687615 0.02059823 
128 0.01555341 0.02203913 
128 0.02002189 0.09114048 
256 0.0007508413 0.02771179 
256 0.003403253 0.01498096 
256 0.005692338 0.09360071 
256 0.004622086 0.004441517 
256 0.01838561 0.01736428 
256 0.018345 0.06220824 
256 0.03432378 0.04273875 
256 0.0255022 0.1595284 
256 0.0308246 0.03608618 
256 0.01317767 0.001233503 
256 0.01582824 0.01938633 
256 0.02495071 0.08382716 
256 0.01697448 0.05811138 
256 0.04704195 0.05419654 
256 0.005595644 0.00290798 
256 0.03031329 0.03113948 
256 0.01683929 0.0219854 
256 0.001950715 0.0422595 
256 0.04059538 0.1256697 
256 0.002478741 0.06611109 
256 0.02208762 0.0561861 
256 0.02384271 0.0323884 
256 0.0412711 0.06214413 
256 0.007451999 0.06323145 
256 0.05450951 0.08768481 
256 0.03038575 0.03457457 
256 0.021884 0.08964938 
256 0.005177862 0.01905622 
256 0.002819348 0.03190529 
256 0.04136593 0.1268421 
256 0.01316384 0.005451784 
256 0.01449057 0.03321068 
256 0.01715858 0.02870928 
256 0.04547487 0.08257606 
256 0.01172438 0.004364999 
256 0.02418205 0.009350093 
256 0.01458574 0.009233326 
256 0.001062037 0.04633714 
256 0.01530826 0.004014317 
256 0.008537172 0.04230302 
256 0.06323375 0.1401042 
256 0.0256778 0.03674237 
256 0.04630856 0.06960305 
256 0.006527191 0.022669 
256 0.03363934 0.03961405 
256 0.03324947 0.07899075 
256 0.005310609 0.0215527 
256 0.02065253 0.06112621 
256 0.01203849 0.08849502 
256 0.002110184 0.005736352 
512 0.02014426 0.0520538 
512 0.05198955 0.09372675 
512 0.0278289 0.02660912 
512 0.04981516 0.08484824 
512 0.01598822 0.02922296 
512 0.01995417 0.02880995 
512 0.04942728 0.0910569 
512 0.0009561417 0.01368768 
512 0.01136252 0.03084467 
512 0.02655006 0.04112441 
512 0.0150841 0.02796007 
512 0.06848362 0.0691853 
512 0.01556604 0.07879754 
512 0.02316552 0.03425584 
512 0.01468423 3.395579e-05 
512 0.03950875 0.05580759 
512 0.01453894 0.05048911 
512 0.02210381 0.03315305 
512 0.003354318 0.05143732 
512 0.0431915 0.01798454 
512 0.0398119 0.1208008 
512 0.02380659 0.002885594 
512 0.002080387 0.06183147 
512 0.01957257 0.01130797 
512 0.002536761 0.006777376 
512 0.01547759 0.04863262 
512 0.01423813 0.02342432 
512 0.002032052 0.1508506 
512 0.01334109 0.05492983 
512 0.04066763 0.07612516 
512 0.01677944 0.06139789 
512 0.005900878 0.05767861 
512 0.04692386 0.03137377 
512 0.06101194 0.1277412 
512 0.05443518 0.1281957 
512 0.01809474 0.003313654 
512 0.05537503 0.09763087 
512 0.0206025 0.0913117 
512 0.03166351 0.02551879 
512 0.009696766 0.1029001 
512 0.002823033 0.01533088 
512 0.01674091 0.01497084 
512 0.001765917 0.05180975 
512 0.01088174 0.01742448 
512 0.04494269 0.05348039 
512 0.02651881 0.03305221 
512 0.008335572 0.05444946 
512 0.0003862573 0.05597485 
512 0.01811248 0.04574392 
512 0.01412001 0.06557228 
1024 0.001289183 0.02153127 
1024 0.007546949 0.1828621 
1024 0.05297592 0.07756644 
1024 0.0662066 0.1154653 
1024 0.03179924 0.07380382 
1024 0.003136272 0.05769679 
1024 0.006523677 0.001981327 
1024 0.02172408 0.05591939 
1024 0.03888391 0.03405238 
1024 0.03130997 0.02046203 
1024 0.03941664 0.04873277 
1024 0.0825169 0.1377474 
1024 0.04695472 0.07852878 
1024 0.006296327 0.03388128 
1024 0.03490965 0.005137511 
1024 0.01530376 0.0712343 
1024 0.04118917 0.05894915 
1024 0.03068782 0.1257599 
1024 0.02974536 0.03462638 
1024 0.002283635 0.05500174 
1024 0.001098451 0.03857724 
1024 0.002855804 0.002214559 
1024 0.01344618 0.01870618 
1024 0.05818319 0.06008682 
1024 0.04076877 0.1208066 
1024 0.0144798 0.08235689 
1024 0.06632543 0.1458102 
1024 0.04942463 0.09540265 
1024 0.005453988 0.0178963 
1024 0.02119858 0.06237357 
1024 0.07001587 0.1504772 
1024 0.04745133 0.05683828 
1024 0.02087143 0.09469594 
1024 0.002104286 0.0308789 
1024 0.02867445 0.05340047 
1024 0.009741806 0.0005851349 
1024 0.02208962 0.01191035 
1024 0.008394171 0.03679871 
1024 0.007627686 0.02750354 
1024 0.01869957 0.06902326 
1024 0.06446899 0.03798334 
1024 0.01545331 0.0273462 
1024 0.003461751 0.07134975 
1024 0.0005728831 0.03013897 
1024 0.01795361 0.06371882 
1024 0.01079474 0.01115956 
1024 0.01485904 0.01312001 
1024 0.006869284 0.03842927 
1024 0.06978198 0.04568833 
1024 0.01068939 0.02848457 
2048 0.06355201 0.05449009 
2048 0.03198484 0.03081691 
2048 0.03704307 0.1082432 
2048 0.01055489 0.02147345 
2048 0.007268195 0.008338019 
2048 0.01548823 0.1266232 
2048 0.04136005 0.0919064 
2048 0.009639663 0.08832996 
2048 0.01750359 0.1492009 
2048 0.07016465 0.068586 
2048 0.0008462073 0.06119325 
2048 0.02458169 0.00124496 
2048 0.01572343 0.01050313 
2048 0.02254886 0.04457367 
2048 0.0324339 0.03547348 
2048 0.008278394 0.01105834 
2048 0.02114828 0.02245002 
2048 0.02559664 0.01157207 
2048 0.06572248 0.07226782 
2048 0.01403721 0.03161329 
2048 0.01364273 0.07057768 
2048 0.006045025 0.02140883 
2048 0.02352433 0.1070463 
2048 0.006402872 0.06296109 
2048 0.004910041 0.008025554 
2048 0.01012086 0.02188622 
2048 0.01751993 0.1087902 
2048 0.03339482 0.05740211 
2048 0.01204134 0.00434187 
2048 0.007179398 0.1219668 
2048 0.003744471 0.0895027 
2048 0.01766137 0.03375678 
2048 0.08278082 0.2881171 
2048 0.04841607 0.1247637 
2048 0.04769299 0.07034442 
2048 0.01306201 0.02457473 
2048 0.01966205 0.02171846 
2048 0.01990864 0.02566161 
2048 0.007514464 0.04034165 
2048 0.0506314 0.1884805 
2048 0.02539065 0.03657902 
2048 0.006601004 0.05218888 
2048 0.007082571 0.0655921 
2048 0.04933907 0.03027659 
2048 0.05993992 0.09968761 
2048 0.02528147 0.0006393803 
2048 0.005182866 0.0830288 
2048 0.03505635 0.1214446 
2048 0.01769685 0.02084511 
2048 0.03847046 0.008296588 
